0.15010077	547186385
0.15010077	687657113
0.15010077	747390952
0.15010077	654108928
0.15014927	154037073
0.15018637	442246437
0.15035513	11961146
0.15035513	171342631
0.15039246	545402120
0.15043493	190138950
0.15044923	454519106
0.15052322	497539163
0.15057306	224788425
0.15095863	994060694
0.15101361	766983892
0.15110123	960498622
0.15114862	495043798
0.15121143	366883254
0.15124339	337592525
0.15126127	347868962
0.15135984	410541299
0.15148143	420499773
0.1517776	599913938
0.15181738	240176492
0.1518214	685361598
0.1518214	110024566
0.15219826	131126036
0.15219826	347439620
0.15219826	46299404
0.15219826	696185360
0.15219826	777726842
0.15219826	968777358
0.15219826	294750585
0.15219826	177897196
0.15219826	237777193
0.15219826	308781128
0.15219826	165756428
0.15219826	890157316
0.15219826	67881703
0.15219826	112111147
0.15219826	411558337
0.15219826	470392038
0.15219826	21821016
0.15219826	699113745
0.15219826	729507685
0.15219826	615508906
0.15219826	931543869
0.15219826	652500777
0.15219826	70846734
0.15219826	651077701
0.15219826	602282833
0.15219826	304931266
0.15219826	251878431
0.15219826	108362861
0.15219826	908316609
0.15219826	269735381
0.15273559	607968618
0.15389296	139327776
0.15474904	402352088
0.15494618	962398647
0.15544641	997863755
0.15579264	449999067
0.15610936	646644345
0.15695828	970190594
0.15753652	563044705
0.1579878	642066710
0.1579878	470588340
0.1579878	588284736
0.1579878	805064638
0.1579878	237474063
0.1579878	919788839
0.1579878	59346985
0.1579878	774059471
0.1579878	163247192
0.1579878	119219988
0.15833582	550013409
0.15872765	794553651
0.15915725	245320409
0.15951867	856561446
0.15953521	20089726
0.16072433	95164625
0.161109	174040315
0.16300756	613495433
0.16619045	2675806
0.16619045	998995514
0.16635473	444347783
0.16672778	94011326
0.17584595	478002302
0.17618302	290577789
0.17719577	144003862
0.17914283	726626650
0.18009189	317420887
0.18238093	383355276
0.18374997	950824851
0.18487829	251837264
0.18530767	772791441
0.19290346	843864363
0.19573118	70814543
0.19674997	656139815
0.19674997	256773283
0.19674997	941269687
0.20004931	639278395
0.20335737	433753607
0.20421612	65115082
0.20646426	885684951
0.20843747	334456075
0.20843747	471452540
0.20885009	522111570
0.21458331	677456923
0.21510634	267628849
0.21781805	956162209
0.22036481	786981976
0.2208333	737280919
0.2236105	456991015
0.22629517	313392257
0.23755375	989877418
0.23923773	748995568
0.24562496	309332355
0.24562496	191129938
0.24562496	189538308
0.24562496	108578184
0.24562496	961840078
0.24562496	510839280
0.24651322	99612795
0.25215176	528632846
0.2523355	470482971
0.25636104	219377766
0.2608497	969484315
0.26201782	722457768
0.27749997	560125737
0.27749997	632795937
0.27749997	768180375
0.27749997	919870081
0.27749997	896689554
0.27749997	707562818
0.27749997	516409783
0.27749997	549609043
0.27749997	569339945
0.27749997	690943616
0.27749997	527148519
0.27749997	81113092
0.27749997	695598198
0.27749997	740362745
0.27749997	630665971
0.27749997	616745190
0.27749997	523399721
0.27749997	621525493
0.27749997	573297280
0.27749997	671551581
0.27749997	581514118
0.27749997	780588974
0.27749997	710916442
0.27749997	740997953
0.27749997	577494143
0.27749997	828552422
0.27749997	893024558
0.27749997	748274564
0.27749997	598715205
0.27749997	614720713
0.27749997	736928472
0.27749997	821088845
0.27749997	878377492
0.27749997	839773375
0.27749997	52877430
0.27749997	91386606
0.27749997	805556021
0.27749997	711850327
0.27749997	859756064
0.27749997	873328215
0.27749997	851307531
0.27749997	262359007
0.27749997	411088441
0.27749997	309313577
0.27749997	154525683
0.27749997	165253699
0.27749997	378633924
0.27749997	245384120
0.27749997	318445298
0.27749997	452880672
0.27749997	337918030
0.27749997	440053130
0.27749997	354279225
0.27749997	418066915
0.27749997	148057187
0.27749997	369092127
0.27749997	166987270
0.27749997	467215377
0.27749997	375843142
0.27749997	467127177
0.27749997	46526251
0.27749997	140540972
0.27749997	505301348
0.27749997	193252875
0.27749997	109066010
0.27749997	510512256
0.27749997	261211076
0.27749997	483560445
0.27749997	512815607
0.27749997	124040009
0.27749997	303884102
0.27749997	361370197
0.27749997	196431740
0.27749997	204669725
0.27749997	455524703
0.27749997	285169385
0.27749997	251009424
0.27749997	182717953
0.27749997	324876534
0.27749997	286785982
0.27749997	375437242
0.27749997	154592454
0.27749997	32755081
0.27749997	650339278
0.27749997	641332604
0.27749997	756170392
0.27749997	71265976
0.27749997	75721133
0.27749997	682941145
0.27749997	711767877
0.27749997	839911116
0.27749997	76865183
0.27749997	739989184
0.27749997	870652999
0.27749997	827462747
0.27749997	708117958
0.27749997	758095581
0.27749997	587278341
0.27749997	650658616
0.27749997	728310521
0.27749997	629966037
0.27749997	63981271
0.27749997	868481134
0.27749997	854263753
0.27749997	861286378
0.27749997	750849141
0.27749997	870258028
0.27749997	87555966
0.27749997	549622356
0.27749997	683687890
0.27749997	631240077
0.27749997	811565420
0.27749997	549799374
0.27749997	83785199
0.27749997	88714797
0.27749997	646429662
0.27749997	813499939
0.27749997	82786694
0.27749997	516458952
0.27749997	672776687
0.27749997	85030552
0.27749997	527422133
0.27749997	786068566
0.27749997	828879067
0.27749997	890320295
0.27749997	867913225
0.27749997	906348528
0.27749997	632012612
0.27749997	869635033
0.27749997	785910644
0.27749997	609412643
0.27749997	733679239
0.27749997	814100254
0.27749997	63822097
0.27749997	636800800
0.27749997	589205925
0.27749997	860417008
0.27749997	540395313
0.27749997	786294196
0.27749997	80258022
0.27749997	517820322
0.27749997	928339449
0.27749997	603559510
0.27749997	766971945
0.27749997	569702122
0.27749997	552660755
0.27749997	625583057
0.27749997	757556502
0.27749997	535801232
0.27749997	586231213
0.27749997	852165604
0.27749997	552183728
0.27749997	596810394
0.27749997	525132138
0.27749997	822741286
0.27749997	698629720
0.27749997	679175432
0.27749997	826143002
0.27749997	70400443
0.27749997	768059849
0.27749997	619924999
0.27749997	528747113
0.27749997	541360116
0.27749997	684888852
0.27749997	91182455
0.27749997	588565926
0.27749997	602184671
0.27749997	558820016
0.27749997	617076986
0.27749997	828198436
0.27749997	561548380
0.27749997	580892184
0.27749997	703530132
0.27749997	729734876
0.27749997	677715099
0.27749997	522247582
0.27749997	895287432
0.27749997	792137429
0.27749997	591590663
0.27749997	811727249
0.27749997	558521270
0.27749997	78553846
0.27749997	792734705
0.27749997	865523294
0.27749997	753420005
0.27749997	5390372
0.27749997	868840297
0.27749997	814648288
0.27749997	667405018
0.27749997	958726928
0.27749997	960652981
0.27749997	9352909
0.27749997	981965867
0.27749997	952062277
0.27749997	952527802
0.27749997	950193131
0.27749997	952219057
0.27749997	985126114
0.27749997	638075596
0.27749997	551726565
0.27749997	92402310
0.27749997	578595269
0.27749997	873419865
0.27749997	867495905
0.27749997	722224812
0.27749997	648485193
0.27749997	586127981
0.27749997	77691359
0.27749997	593167520
0.27749997	854813917
0.27749997	576677271
0.27749997	703712398
0.27749997	917877071
0.27749997	648797859
0.27749997	814703336
0.27749997	904258075
0.27749997	896158857
0.27749997	837933503
0.27749997	571430309
0.27749997	735507235
0.27749997	821997857
0.27749997	599454210
0.27749997	904158436
0.27749997	676895362
0.27749997	808612804
0.27749997	904098802
0.27749997	62013389
0.27749997	850660299
0.27749997	932687457
0.27749997	546534593
0.27749997	851508657
0.27749997	628221923
0.27749997	632219802
0.27749997	712248025
0.27749997	696762033
0.27749997	751539301
0.27749997	743494705
0.27749997	738410160
0.27749997	972026787
0.27749997	971969070
0.27749997	997575875
0.27749997	997412951
0.27749997	979338030
0.27749997	977696391
0.27749997	446953899
0.27749997	132967245
0.27749997	233672965
0.27749997	295524575
0.27749997	488333171
0.27749997	317241144
0.27749997	205558293
0.27749997	194318520
0.27749997	297721027
0.27749997	126979403
0.27749997	476233894
0.27749997	454350750
0.27749997	161985382
0.27749997	17296663
0.27749997	477503463
0.27749997	312966545
0.27749997	2892712
0.27749997	148074735
0.27749997	189733199
0.27749997	407624745
0.27749997	278744609
0.27749997	391842041
0.27749997	165520361
0.27749997	312992537
0.27749997	351307719
0.27749997	158211929
0.27749997	417792215
0.27749997	308496535
0.27749997	418083167
0.27749997	257415820
0.27749997	206807763
0.27749997	335246952
0.27749997	106283779
0.27749997	399522713
0.27749997	28123869
0.27749997	360981242
0.27749997	185371900
0.27749997	298318051
0.27749997	211614520
0.27749997	253115088
0.27749997	508666507
0.27749997	357044430
0.27749997	356110399
0.27749997	390713754
0.27749997	152283574
0.27749997	262389287
0.27749997	192886849
0.27749997	983894720
0.27749997	972040399
0.27749997	962029969
0.27749997	985192187
0.27749997	158709654
0.27749997	249829817
0.27749997	273003215
0.27749997	354320570
0.27749997	371263748
0.27749997	123717130
0.27749997	417979044
0.27749997	243127016
0.27749997	19120606
0.27749997	258863009
0.27749997	514307931
0.27749997	433557519
0.27749997	179075860
0.27749997	491354900
0.27749997	475639766
0.27749997	379198148
0.27749997	163722070
0.27749997	270302161
0.27749997	300531545
0.27749997	124974922
0.27749997	188585347
0.27749997	226217969
0.27749997	456180450
0.27749997	258808811
0.27749997	4251227
0.27749997	209711039
0.27749997	357774757
0.27749997	296118980
0.27749997	328854021
0.27749997	125948119
0.27749997	102414717
0.27749997	122857796
0.27749997	437872084
0.27749997	318436603
0.27749997	38305713
0.27749997	165768567
0.27749997	347539877
0.27749997	201432585
0.27749997	353855769
0.27749997	178689310
0.27749997	103596378
0.27749997	502927574
0.27749997	925695817
0.27749997	926644948
0.27749997	996140440
0.27749997	933434269
0.27749997	972818524
0.27749997	930894036
0.27749997	925776565
0.27749997	982594825
0.27749997	761852670
0.27749997	735037213
0.27749997	544293549
0.27749997	590623284
0.27749997	593993969
0.27749997	804660885
0.27749997	574162908
0.27749997	949326398
0.27749997	851041023
0.27749997	91878453
0.27749997	9447178
0.27749997	852628862
0.27749997	758058928
0.27749997	821371067
0.27749997	86867507
0.27749997	933041792
0.27749997	580764721
0.27749997	537131156
0.27749997	693244771
0.27749997	577248809
0.27749997	650971883
0.27749997	868993301
0.27749997	638925028
0.27749997	749839498
0.27749997	747007373
0.27749997	576781349
0.27749997	585447170
0.27749997	930944620
0.27749997	683872433
0.27749997	791282908
0.27749997	561448610
0.27749997	726668992
0.27749997	732557621
0.27749997	721383159
0.27749997	75855837
0.27749997	585547700
0.27749997	771864701
0.27749997	596726398
0.27749997	714668457
0.27749997	813932864
0.27749997	842061525
0.27749997	691556003
0.27749997	982742484
0.27749997	968300558
0.27749997	964419316
0.27749997	989893722
0.27749997	996438789
0.27749997	456436417
0.27749997	153671715
0.27749997	389016167
0.27749997	215118211
0.27749997	450796366
0.27749997	257702064
0.27749997	23335957
0.27749997	520690574
0.27749997	297245679
0.27749997	220033188
0.27749997	376195828
0.27749997	234997206
0.27749997	489019489
0.27749997	389633207
0.27749997	139065035
0.27749997	454124480
0.27749997	337401553
0.27749997	260585516
0.27749997	445532889
0.27749997	465848920
0.27749997	192088236
0.27749997	19081517
0.27749997	399598714
0.27749997	492542646
0.27749997	14853145
0.27749997	112833250
0.27749997	302938493
0.27749997	502206819
0.27749997	200828782
0.27749997	383303866
0.27749997	288930771
0.27749997	273016083
0.27749997	428452227
0.27749997	383679928
0.27749997	349966547
0.27749997	431705759
0.27749997	331350168
0.27749997	254613865
0.27749997	343770454
0.27749997	520462103
0.27749997	130670661
0.27749997	2217675
0.27749997	385618782
0.27749997	522787951
0.27749997	127894702
0.27749997	121213527
0.27749997	28552196
0.27749997	495808108
0.27749997	507072355
0.27749997	512632652
0.27749997	386085765
0.27749997	101240468
0.27749997	519480248
0.27749997	95844116
0.27749997	970161745
0.27749997	995792956
0.27749997	985552132
0.27749997	9481721
0.27749997	958524918
0.27749997	956215672
0.27749997	953525033
0.27749997	99955522
0.27749997	352715243
0.27749997	475718386
0.27749997	254135180
0.27749997	191643803
0.27749997	36939765
0.27749997	100390278
0.27749997	173337482
0.27749997	257846776
0.27749997	487577918
0.27749997	432886761
0.27749997	156647865
0.27749997	504217182
0.27749997	228427116
0.27749997	13227426
0.27749997	347759275
0.27749997	113500156
0.27749997	343206942
0.27749997	417914384
0.27749997	511238907
0.27749997	101581446
0.27749997	346070941
0.27749997	2796136
0.27749997	251143426
0.27749997	244927188
0.27749997	235566919
0.27749997	417880508
0.27749997	522413003
0.27749997	52314834
0.27749997	244308699
0.27749997	337692587
0.27749997	18116209
0.27749997	247648322
0.27749997	459884617
0.27749997	51458151
0.27749997	206217996
0.27749997	273409207
0.27749997	203247538
0.27749997	109665237
0.27749997	442504505
0.27749997	476006119
0.27749997	404810395
0.27749997	314920945
0.27749997	116790132
0.27749997	379856044
0.27749997	396768309
0.27749997	424006896
0.27749997	302638134
0.27749997	363997810
0.27749997	30248096
0.27749997	285081450
0.27749997	372875454
0.27749997	424985106
0.27749997	101194026
0.27749997	130774984
0.27749997	109451625
0.27749997	201555764
0.27749997	375157310
0.27749997	270487511
0.27749997	364910244
0.27749997	191759507
0.27749997	376161260
0.27749997	121985899
0.27749997	308338096
0.27749997	122217313
0.27749997	312126341
0.27749997	395007238
0.27749997	142881632
0.27749997	171691707
0.27749997	135823985
0.27749997	100412655
0.27749997	243031279
0.27749997	321470327
0.27749997	131955831
0.27749997	40296443
0.27749997	234965254
0.27749997	322828559
0.27749997	202075057
0.27749997	213309540
0.27749997	19421076
0.27749997	49956628
0.27749997	384829586
0.27749997	315005917
0.27749997	183667598
0.27749997	445237402
0.27749997	272487212
0.27749997	494843961
0.27749997	41702281
0.27749997	29905397
0.27749997	204681744
0.27749997	104969936
0.27749997	502884379
0.27749997	370507432
0.27749997	477222417
0.27749997	319562303
0.27749997	334225020
0.27749997	366043380
0.27749997	345122981
0.27749997	476104849
0.27749997	221950680
0.27749997	272460833
0.27749997	502342843
0.27749997	341680122
0.27749997	128430337
0.27749997	224713601
0.27749997	41770222
0.27749997	247358296
0.27749997	273950709
0.27749997	345728884
0.27749997	451267281
0.27749997	17891460
0.27749997	191062423
0.27749997	358911518
0.27749997	402668035
0.27749997	387126396
0.27749997	395945628
0.27749997	320816599
0.27749997	211992801
0.27749997	288628035
0.27749997	381563468
0.27749997	456235345
0.27749997	147309506
0.27749997	334375109
0.27749997	386096832
0.27749997	217443957
0.27749997	105918357
0.27749997	441649540
0.27749997	446761613
0.27749997	103230601
0.27749997	200072323
0.27749997	443286576
0.27749997	122131623
0.27749997	374407463
0.27749997	352447591
0.27749997	179399405
0.27749997	262863457
0.27749997	195880418
0.27749997	154202928
0.27749997	128219949
0.27749997	385393833
0.27749997	197029126
0.27749997	411009307
0.27749997	319025102
0.27749997	292608203
0.27749997	157346035
0.27749997	268405865
0.27749997	342657590
0.27749997	273127488
0.27749997	146727753
0.27749997	88577089
0.27749997	612614669
0.27749997	662982091
0.27749997	555810110
0.27749997	738349359
0.27749997	785904930
0.27749997	830699396
0.27749997	728919081
0.27749997	788948072
0.27749997	589967163
0.27749997	924142257
0.27749997	796050548
0.27749997	768466362
0.27749997	712316890
0.27749997	844490603
0.27749997	536993547
0.27749997	800736889
0.27749997	57417808
0.27749997	809688912
0.27749997	522170255
0.27749997	577814906
0.27749997	579276004
0.27749997	531381626
0.27749997	789103855
0.27749997	833249089
0.27749997	677916070
0.27749997	550935481
0.27749997	733351607
0.27749997	886225990
0.27749997	765053545
0.27749997	846045308
0.27749997	534936463
0.27749997	765804226
0.27749997	738335205
0.27749997	787886531
0.27749997	526815091
0.27749997	678139018
0.27749997	743101972
0.27749997	787948190
0.27749997	551288577
0.27749997	762682053
0.27749997	547769093
0.27749997	966014530
0.27749997	990486862
0.27749997	992040579
0.27749997	597664670
0.27749997	736853522
0.27749997	608945063
0.27749997	784220183
0.27749997	685547298
0.27749997	542741709
0.27749997	533508054
0.27749997	898827641
0.27749997	898278029
0.27749997	846111985
0.27749997	569772154
0.27749997	565164729
0.27749997	604773652
0.27749997	522919240
0.27749997	593900986
0.27749997	549770574
0.27749997	576792196
0.27749997	825745502
0.27749997	828943999
0.27749997	596451831
0.27749997	546143791
0.27749997	863117499
0.27749997	713449016
0.27749997	941655916
0.27749997	660622558
0.27749997	874056179
0.27749997	709345801
0.27749997	757421850
0.27749997	575211701
0.27749997	651959644
0.27749997	776805998
0.27749997	828771742
0.27749997	625546523
0.27749997	67658084
0.27749997	860833822
0.27749997	675174370
0.27749997	798637629
0.27749997	554887699
0.27749997	534464949
0.27749997	85031953
0.27749997	706393853
0.27749997	714409172
0.27749997	545099305
0.27749997	915104582
0.27749997	739443121
0.27749997	62413930
0.27749997	52916669
0.27749997	65672226
0.27749997	520695554
0.27749997	619583869
0.27749997	799182383
0.27749997	555798115
0.27749997	697796377
0.27749997	644093200
0.27749997	647624429
0.27749997	80335347
0.27749997	814891636
0.27749997	59989292
0.27749997	732612799
0.27749997	93986155
0.27749997	620448103
0.27749997	742697370
0.27749997	533195931
0.27749997	875510587
0.27749997	626936659
0.27749997	838577229
0.27749997	886475052
0.27749997	569094694
0.27749997	683069875
0.27749997	859775170
0.27749997	690641593
0.27749997	558910190
0.27749997	738100229
0.27749997	725827225
0.27749997	788352835
0.27749997	554102875
0.27749997	566782451
0.27749997	522390982
0.27749997	648101843
0.27749997	831043332
0.27749997	750284028
0.27749997	523415311
0.27749997	634264030
0.27749997	742866048
0.27749997	693387555
0.27749997	534938133
0.27749997	846003553
0.27749997	581087784
0.27749997	673028480
0.27749997	874254698
0.27749997	786732808
0.27749997	677330409
0.27749997	712986627
0.27749997	835128440
0.27749997	57222666
0.27749997	714119576
0.27749997	750112893
0.27749997	719941263
0.27749997	722874809
0.27749997	815276010
0.27749997	64716468
0.27749997	818815511
0.27749997	823382154
0.27749997	676642316
0.27749997	859070115
0.27749997	923641126
0.27749997	930614900
0.27749997	923088829
0.27749997	694542521
0.27749997	719619173
0.27749997	800260727
0.27749997	554750373
0.27749997	934573773
0.27749997	919963700
0.27749997	581439848
0.27749997	93329868
0.27749997	780517266
0.27749997	571110240
0.27749997	638334056
0.27749997	666109266
0.27749997	55536024
0.27749997	62450586
0.27749997	775521944
0.27749997	533922782
0.27749997	810684775
0.27749997	727335044
0.27749997	709870743
0.27749997	584418814
0.27749997	889180993
0.27749997	533796701
0.27749997	68468677
0.27749997	558312100
0.27749997	534291269
0.27749997	547022634
0.27749997	894923198
0.27749997	584038690
0.27749997	716845947
0.27749997	933739590
0.27749997	730310092
0.27749997	636212226
0.27749997	761599843
0.27749997	718081004
0.27749997	536329579
0.27749997	686167085
0.27749997	676320809
0.27749997	820163908
0.27749997	767429201
0.27749997	602813014
0.27749997	570546414
0.27749997	528017299
0.27749997	935845419
0.27749997	875657604
0.27749997	481441438
0.27749997	195826280
0.27749997	402802375
0.27749997	460465815
0.27749997	286880941
0.27749997	325628564
0.27749997	117488321
0.27749997	468376716
0.27749997	345175105
0.27749997	226498680
0.27749997	515848972
0.27749997	430785977
0.27749997	149219536
0.27749997	18339405
0.27749997	283223657
0.27749997	349708100
0.27749997	284601818
0.27749997	446485685
0.27749997	330908152
0.27749997	259626311
0.27749997	407223077
0.27749997	218230698
0.27749997	130863099
0.27749997	430893242
0.27749997	413199747
0.27749997	398890228
0.27749997	264194590
0.27749997	495652588
0.27749997	34328901
0.27749997	400600265
0.27749997	275944187
0.27749997	150556591
0.27749997	395714040
0.27749997	507946129
0.27749997	319302424
0.27749997	287713927
0.27749997	199084812
0.27749997	426735622
0.27749997	407214158
0.27749997	36639281
0.27749997	313848061
0.27749997	381732638
0.27749997	244352456
0.27749997	502738098
0.27749997	343087508
0.27749997	3806949
0.27749997	280891978
0.27749997	450373909
0.27749997	515227446
0.27749997	514039572
0.27749997	39666675
0.27749997	51592852
0.27749997	467384675
0.27749997	234469343
0.27749997	335519673
0.27749997	489415020
0.27749997	121592258
0.27749997	303202390
0.27749997	29147146
0.27749997	161545529
0.27749997	214728763
0.27749997	442753650
0.27749997	443928077
0.27749997	507658617
0.27749997	386458451
0.27749997	164913976
0.27749997	147650470
0.27749997	416082130
0.27749997	388264042
0.27749997	149591661
0.27749997	159422028
0.27749997	418027155
0.27749997	503108569
0.27749997	446998615
0.27749997	12355936
0.27749997	298105499
0.27749997	295959537
0.27749997	183060918
0.27749997	211942463
0.27749997	196661572
0.27749997	164314426
0.27749997	304834422
0.27749997	365879251
0.27749997	145149881
0.27749997	131124491
0.27749997	414490210
0.27749997	183132873
0.27749997	296078627
0.27749997	177108257
0.27749997	44176117
0.27749997	327141163
0.27749997	145316975
0.27749997	476627243
0.27749997	189357723
0.27749997	37318432
0.27749997	507581046
0.27749997	245018869
0.27749997	372770110
0.27749997	4053983
0.27749997	245586904
0.27749997	135624075
0.27749997	429100412
0.27749997	135949656
0.27749997	462775126
0.27749997	151264362
0.27749997	195857059
0.27749997	138068465
0.27749997	344130540
0.27749997	508756292
0.27749997	218702732
0.27749997	41202302
0.27749997	247240101
0.27749997	331160954
0.27749997	40045350
0.27749997	351865656
0.27749997	137494706
0.27749997	131848663
0.27749997	359201379
0.27749997	335190397
0.27749997	446715574
0.27749997	279348690
0.27749997	44698885
0.27749997	29013208
0.27749997	523117068
0.27749997	323118968
0.27749997	328057728
0.27749997	187129726
0.27749997	153901829
0.27749997	420150476
0.27749997	45086680
0.27749997	347167856
0.27749997	361065474
0.27749997	37281037
0.27749997	501320171
0.27749997	187053202
0.27749997	163115866
0.27749997	154092287
0.27749997	255712596
0.27749997	244941757
0.27749997	474407913
0.27749997	966882438
0.27749997	964066357
0.27749997	986414596
0.27749997	970503247
0.27749997	960747221
0.27749997	970202089
0.27749997	951309196
0.27749997	967475328
0.27749997	990575380
0.27749997	981099301
0.27749997	975167232
0.27749997	313799842
0.27749997	117890231
0.27749997	290497020
0.27749997	237426746
0.27749997	323094315
0.27749997	158439049
0.27749997	299141117
0.27749997	41227917
0.27749997	35300180
0.27749997	342386135
0.27749997	213197930
0.27749997	177142308
0.27749997	115661606
0.27749997	449528959
0.27749997	358297448
0.27749997	157789939
0.27749997	149336254
0.27749997	346910364
0.27749997	191284282
0.27749997	409355560
0.27749997	384718924
0.27749997	212253237
0.27749997	205514903
0.27749997	143350912
0.27749997	459887193
0.27749997	508596492
0.27749997	230621021
0.27749997	216754369
0.27749997	112813276
0.27749997	398887882
0.27749997	421166058
0.27749997	195093560
0.27749997	148270502
0.27749997	479216053
0.27749997	371192745
0.27749997	22532581
0.27749997	173778043
0.27749997	301867617
0.27749997	238880749
0.27749997	471591869
0.27749997	299925473
0.27749997	429573776
0.27749997	216022447
0.27749997	268517027
0.27749997	959227484
0.27749997	961503599
0.27749997	970531597
0.27749997	973071642
0.27749997	997099683
0.27749997	474745937
0.27749997	221180155
0.27749997	204176573
0.27749997	514655775
0.27749997	400371937
0.27749997	508095839
0.27749997	190305477
0.27749997	184840139
0.27749997	138180215
0.27749997	164883988
0.27749997	159978317
0.27749997	230283607
0.27749997	212925364
0.27749997	235777691
0.27749997	299181022
0.27749997	407122999
0.27749997	186553639
0.27749997	12649966
0.27749997	300481124
0.27749997	469968604
0.27749997	205003792
0.27749997	315789596
0.27749997	438537979
0.27749997	495784704
0.27749997	250752116
0.27749997	118811739
0.27749997	245399806
0.27749997	102645489
0.27749997	297904721
0.27749997	513434962
0.27749997	221251426
0.27749997	432241384
0.27749997	367714401
0.27749997	52895377
0.27749997	449734035
0.27749997	209367980
0.27749997	502073399
0.27749997	526395266
0.27749997	160530656
0.27749997	202960772
0.27749997	412846169
0.27749997	352582530
0.27749997	521246170
0.27749997	486770539
0.27749997	181989090
0.27749997	382628689
0.27749997	48046748
0.27749997	462538069
0.27749997	260035426
0.27749997	52288141
0.27749997	11627477
0.27749997	285262201
0.27749997	120861066
0.27749997	117790753
0.27749997	273507398
0.27749997	395784809
0.27749997	377240864
0.27749997	406234378
0.27749997	162457745
0.27749997	231444267
0.27749997	21508282
0.27749997	1185213
0.27749997	136449137
0.27749997	462967729
0.27749997	107651356
0.27749997	380051303
0.27749997	150913125
0.27749997	510067685
0.27749997	109475869
0.27749997	510995720
0.27749997	198142923
0.27749997	158181570
0.27749997	480556509
0.27749997	142197840
0.27749997	199503320
0.27749997	194267782
0.27749997	444559925
0.27749997	416295763
0.27749997	239661645
0.27749997	380150222
0.27749997	35498239
0.27749997	334970263
0.27749997	253732504
0.27749997	37147894
0.27749997	150875664
0.27749997	515972055
0.27749997	282275009
0.27749997	253772389
0.27749997	339035636
0.27749997	353591808
0.27749997	179931757
0.27749997	383247525
0.27749997	362980382
0.27749997	10842185
0.27749997	423822706
0.27749997	975039070
0.27749997	988530833
0.27749997	960016945
0.27749997	986746932
0.27749997	961912138
0.27749997	953954761
0.27749997	959714035
0.27749997	975387952
0.27749997	965115635
0.27749997	96939880
0.27749997	7942080
0.27749997	740149002
0.27749997	527341216
0.27749997	82126208
0.27749997	760141067
0.27749997	715890897
0.27749997	54378420
0.27749997	631233563
0.27749997	674669913
0.27749997	726476222
0.27749997	528243967
0.27749997	561240546
0.27749997	831147026
0.27749997	647915134
0.27749997	853268067
0.27749997	714607759
0.27749997	932927083
0.27749997	676572326
0.27749997	701011149
0.27749997	882072331
0.27749997	668386763
0.27749997	540851228
0.27749997	775879199
0.27749997	553357914
0.27749997	72416666
0.27749997	579920441
0.27749997	563649771
0.27749997	885727488
0.27749997	945487904
0.27749997	878836892
0.27749997	720422624
0.27749997	584977518
0.27749997	70775586
0.27749997	898169233
0.27749997	937716461
0.27749997	898087162
0.27749997	90367424
0.27749997	614886278
0.27749997	872133830
0.27749997	616956640
0.27749997	632568997
0.27749997	575938379
0.27749997	741007072
0.27749997	561408316
0.27749997	763810603
0.27749997	611568853
0.27749997	625299818
0.27749997	830466625
0.27749997	534659067
0.27749997	784576550
0.27749997	546343255
0.27749997	909707881
0.27749997	645947274
0.27749997	800228727
0.27749997	913082826
0.27749997	557378169
0.27749997	891080933
0.27749997	895185024
0.27749997	72589422
0.27749997	876463819
0.27749997	555442918
0.27749997	927240034
0.27749997	665712164
0.27749997	680257967
0.27749997	911137306
0.27749997	787563211
0.27749997	645792726
0.27749997	726964983
0.27749997	789526290
0.27749997	614579775
0.27749997	723374912
0.27749997	654195531
0.27749997	553861618
0.27749997	861555421
0.27749997	775884978
0.27749997	547263721
0.27749997	582777173
0.27749997	602868932
0.27749997	538511017
0.27749997	846399286
0.27749997	864914247
0.27749997	791089137
0.27749997	986848602
0.27749997	972034641
0.27749997	961740819
0.27749997	929642667
0.27749997	966325690
0.27749997	960624477
0.27749997	931207400
0.27749997	944072796
0.27749997	958825639
0.27749997	937207725
0.27749997	992396757
0.27749997	966406418
0.27749997	936205096
0.27749997	991771411
0.27749997	997165847
0.27749997	495044649
0.27749997	26557249
0.27749997	51078816
0.27749997	416344101
0.27749997	363252385
0.27749997	336327782
0.27749997	336976223
0.27749997	152866927
0.27749997	221035566
0.27749997	167626550
0.27749997	393639178
0.27749997	323378170
0.27749997	472082072
0.27749997	382244397
0.27749997	162223867
0.27749997	207458564
0.27749997	274366714
0.27749997	163676001
0.27749997	170927728
0.27749997	501469288
0.27749997	374911236
0.27749997	462184797
0.27749997	316800640
0.27749997	211593910
0.27749997	294656420
0.27749997	400695447
0.27749997	3121201
0.27749997	339831589
0.27749997	266589580
0.27749997	32475665
0.27749997	21842769
0.27749997	197895911
0.27749997	353519570
0.27749997	473554937
0.27749997	508652029
0.27749997	467253511
0.27749997	425308844
0.27749997	189120440
0.27749997	511576494
0.27749997	420284179
0.27749997	686059928
0.27749997	841009220
0.27749997	528289087
0.27749997	741827934
0.27749997	728801170
0.27749997	851723257
0.27749997	593381847
0.27749997	610330996
0.27749997	879766991
0.27749997	538035027
0.27749997	807199733
0.27749997	872966690
0.27749997	547704462
0.27749997	632966290
0.27749997	745463746
0.27749997	579643514
0.27749997	915209995
0.27749997	567123706
0.27749997	76038523
0.27749997	720975944
0.27749997	92792485
0.27749997	702530424
0.27749997	734206979
0.27749997	735854348
0.27749997	7195560
0.27749997	683386065
0.27749997	77752365
0.27749997	624310939
0.27749997	700909269
0.27749997	687655027
0.27749997	592749130
0.27749997	550055315
0.27749997	896905816
0.27749997	739862760
0.27749997	923441476
0.27749997	711500039
0.27749997	723494218
0.27749997	724002111
0.27749997	801777152
0.27749997	897655102
0.27749997	629930753
0.27749997	605425367
0.27749997	529748319
0.27749997	676709558
0.27749997	866036467
0.27749997	774271742
0.27749997	683579238
0.27749997	935571627
0.27749997	59470927
0.27749997	880499147
0.27749997	616895755
0.27749997	794721306
0.27749997	929939141
0.27749997	719133557
0.27749997	921506546
0.27749997	560850361
0.27749997	932506381
0.27749997	860667660
0.27749997	642868275
0.27749997	834847609
0.27749997	656294431
0.27749997	760100750
0.27749997	93640215
0.27749997	604391430
0.27749997	799057963
0.27749997	629871902
0.27749997	763417806
0.27749997	590273884
0.27749997	655696120
0.27749997	600736168
0.27749997	764067282
0.27749997	834593692
0.27749997	530904333
0.27749997	566841382
0.27749997	68014177
0.27749997	633819559
0.27749997	885233043
0.27749997	563026668
0.27749997	905729699
0.27749997	714432748
0.27749997	693600029
0.27749997	573231401
0.27749997	550699565
0.27749997	73741154
0.27749997	837195306
0.27749997	618485706
0.27749997	917732103
0.27749997	728177080
0.27749997	83665210
0.27749997	760664893
0.27749997	696562234
0.27749997	360138596
0.27749997	329958353
0.27749997	132475779
0.27749997	119494355
0.27749997	183318896
0.27749997	321529709
0.27749997	136867708
0.27749997	110500467
0.27749997	117838140
0.27749997	512491737
0.27749997	495816593
0.27749997	101108232
0.27749997	421648117
0.27749997	34065037
0.27749997	263685314
0.27749997	402015584
0.27749997	483330106
0.27749997	300919657
0.27749997	515515091
0.27749997	42765253
0.27749997	221735115
0.27749997	200607950
0.27749997	174329726
0.27749997	15562202
0.27749997	497516279
0.27749997	485499282
0.27749997	231041924
0.27749997	245010231
0.27749997	310716033
0.27749997	235404349
0.27749997	385756498
0.27749997	389459703
0.27749997	256864493
0.27749997	361302470
0.27749997	130046422
0.27749997	248071838
0.27749997	397494567
0.27749997	117232773
0.27749997	393889600
0.27749997	352288697
0.27749997	371852653
0.27749997	515932322
0.27749997	457444103
0.27749997	119011922
0.27749997	648796311
0.27749997	556743505
0.27749997	833093137
0.27749997	900216765
0.27749997	67522710
0.27749997	912320155
0.27749997	747232880
0.27749997	953180596
0.27749997	788913125
0.27749997	800646772
0.27749997	890907615
0.27749997	699219083
0.27749997	548754457
0.27749997	571130264
0.27749997	714212955
0.27749997	610543974
0.27749997	945219280
0.27749997	917185076
0.27749997	877864628
0.27749997	902531504
0.27749997	91613292
0.27749997	795537077
0.27749997	708854204
0.27749997	684188122
0.27749997	647868213
0.27749997	571013930
0.27749997	894974695
0.27749997	899475659
0.27749997	542061034
0.27749997	577316180
0.27749997	695211069
0.27749997	543551325
0.27749997	67118304
0.27749997	903459518
0.27749997	549099382
0.27749997	53713487
0.27749997	884923751
0.27749997	745465359
0.27749997	838015913
0.27749997	899152427
0.27749997	62535710
0.27749997	620181311
0.27749997	554444498
0.27749997	941973833
0.27749997	799736325
0.27749997	680265336
0.27749997	564993128
0.27749997	807210110
0.27749997	945351356
0.27749997	887025191
0.27749997	931967374
0.27749997	849343438
0.27749997	839508833
0.27749997	630541022
0.27749997	916290253
0.27749997	867504786
0.27749997	638039576
0.27749997	762939334
0.27749997	830074341
0.27749997	765650864
0.27749997	610452214
0.27749997	61426369
0.27749997	684241187
0.27749997	593963457
0.27749997	82163906
0.27749997	58461178
0.27749997	609757810
0.27749997	814364958
0.27749997	871337
0.27749997	909232743
0.27749997	691850820
0.27749997	698879754
0.27749997	742542476
0.27749997	949630065
0.27749997	845258805
0.27749997	840307061
0.27749997	644407032
0.27749997	785262151
0.27749997	759530228
0.27749997	692003075
0.27749997	68021626
0.27749997	80481392
0.27749997	552003262
0.27749997	693210416
0.27749997	749791742
0.2775581	133227026
0.2775581	847778490
0.2775581	479347314
0.2775581	731493748
0.2776314	699844908
0.2776314	132883885
0.2776314	82799818
0.27791393	128986418
0.27793986	472411743
0.27834398	740887885
0.27891663	908718296
0.27924654	536567750
0.27924654	402039533
0.28033328	324936662
0.28262344	35330411
0.2853982	937457252
0.28669995	14152550
0.28718722	481706669
0.28850508	475032066
0.2904613	747810099
0.29657048	76600265
0.2979992	31793535
0.29976186	944610885
0.30339044	594075565
0.3040382	527338875
0.30512494	32660774
0.30512494	928824956
0.30944017	833218010
0.31182688	295636467
0.31237853	714244850
0.31512958	942542982
0.31741214	791946793
0.32029372	249091495
0.32097322	239511900
0.3232692	615379304
0.3234784	451934371
0.32424998	546677232
0.324984	151135608
0.32606316	286593580
0.32710207	164219383
0.3281964	827392594
0.32888484	105247217
0.3311142	56187102
0.33358094	240321448
0.3340709	719947417
0.33568603	493484925
0.3357808	803977658
0.3357942	861057470
0.33947912	962021165
0.34061414	950498043
0.34089577	991454654
0.34158197	402562853
0.34226996	492631475
0.3426267	500278364
0.34499598	122879497
0.35104614	192443700
0.35187495	206877760
0.35187495	542098922
0.35187495	766688735
0.35187495	685171617
0.3522424	67610032
0.35716203	492870943
0.35926533	951560830
0.36877376	841083590
0.3766666	788721903
0.3787158	907887655
0.37921023	578225154
0.3817771	198488203
0.3829452	255400273
0.38348433	269301005
0.38391796	997547413
0.3882475	718290879
0.38906243	416731783
0.3937317	732057112
0.39862496	581606537
0.39862496	439115150
0.40071887	804159151
0.40511099	412528778
0.40511099	124829130
0.40565234	788002767
0.40583518	914894116
0.4066336	863306939
0.4071231	886224103
0.40904757	862430336
0.4094879	638163703
0.41012493	668833450
0.41108516	879415628
0.41158673	21596274
0.412095	561429651
0.41480762	313898359
0.41480762	683822975
0.41480762	860930408
0.41659084	95435476
0.41659084	822521453
0.41659084	622516991
0.41829538	189193361
0.42344254	10375319
0.42624992	600992612
0.42624992	107391803
0.42807785	241152578
0.43233988	142618669
0.43346506	791974649
0.43383923	555533730
0.44131812	487106265
0.4428072	945821667
0.44344065	591041882
0.44761238	909738293
0.44842732	793620823
0.4532316	750376479
0.45332995	989795935
0.4634374	877474198
0.4647271	230920313
0.46677586	331410685
0.46914962	282073814
0.46916392	746174899
0.46950457	64262396
0.4699878	953463062
0.47299993	947539472
0.47299993	37296807
0.47299993	552903037
0.47299993	769362357
0.47422078	555669939
0.47441658	268672204
0.4756182	308548610
0.47632363	519422082
0.482866	254504846
0.49237576	228691745
0.49374726	890566384
0.49544153	417448671
0.5033553	48535643
0.50414836	930034488
0.5059401	611317623
0.50911045	48864599
0.51124996	307090175
0.51124996	54772402
0.51124996	420920703
0.51124996	677112839
0.51124996	961199507
0.51124996	431124501
0.51124996	755026295
0.51124996	718757452
0.51124996	305566123
0.5113501	228324502
0.51580346	119477008
0.5159608	428659059
0.5173019	7453881
0.5180243	620391717
0.52557296	58038259
0.53264415	338532499
0.53351676	367145771
0.533599	381757218
0.53363836	948790359
0.5339674	977060926
0.5360166	748763952
0.5361203	793991098
0.5388061	235936672
0.5388749	18774144
0.5388749	296254442
0.5395732	944946034
0.5443788	434752600
0.54469264	466115282
0.54548836	51952541
0.5480186	346787316
0.54916656	855008064
0.5507142	760157103
0.5507142	560022995
0.5507142	303700730
0.5507142	809388534
0.5507142	405422990
0.5507142	391156352
0.55077946	141748036
0.55799997	243899764
0.55799997	115456839
0.55799997	261035023
0.55799997	682771832
0.55799997	849161740
0.55799997	647606763
0.55799997	200973324
0.55990076	819987574
0.56700146	415505445
0.56789374	418381469
0.5703256	741519389
0.5786208	931594282
0.5802158	344242114
0.5803124	511411117
0.5803124	941742335
0.5851958	648608464
0.58562493	405220536
0.58562493	429203511
0.58562493	353460456
0.58562493	162239566
0.58562493	374103559
0.5944172	423389589
0.5946032	13762634
0.59902346	433220997
0.60118353	823407239
0.604218	711422807
0.60535705	406207970
0.6055627	725550787
0.60576206	66045446
0.60644335	467160677
0.6132606	76301235
0.6239519	866439851
0.6249148	143592607
0.63237494	383165851
0.64194506	68940272
0.64393437	10207955
0.6441847	291010798
0.6485576	933152476
0.64895993	662306388
0.65834856	878645121
0.6599999	885212815
0.6599999	649360604
0.6599999	531280375
0.6599999	606748494
0.6599999	814992724
0.6599999	903234025
0.6599999	709908040
0.6599999	36422534
0.6599999	520716926
0.6599999	465984550
0.6599999	12777672
0.6599999	39292706
0.6599999	585087272
0.6599999	831504565
0.6599999	613349653
0.6599999	934564418
0.6599999	655664160
0.6599999	537934610
0.6599999	662703904
0.6599999	544564209
0.6599999	788384147
0.6599999	600062944
0.6599999	604107752
0.6599999	351709053
0.6599999	316660088
0.6599999	118656705
0.6599999	54325789
0.6599999	783629535
0.6599999	630021267
0.6599999	109157126
0.6599999	340428129
0.6599999	374335445
0.6599999	751336901
0.6599999	67739110
0.6599999	522828080
0.6599999	449386103
0.6599999	12131130
0.6599999	196819433
0.6599999	288139468
0.6599999	207729851
0.6599999	170770849
0.6599999	285010404
0.6599999	270947819
0.6599999	461735707
0.6599999	28172472
0.6599999	559594180
0.6599999	800420342
0.6599999	940646107
0.6599999	757161218
0.6599999	907669955
0.6599999	939785390
0.6599999	743730822
0.6599999	874570490
0.6599999	59303708
0.6599999	732673672
0.6599999	672204275
0.6599999	476207816
0.6599999	423704
0.6599999	179780509
0.6599999	361120593
0.6599999	963679190
0.6599999	985634984
0.6599999	17381403
0.6599999	305705110
0.6599999	581953579
0.6599999	85717862
0.6599999	85606202
0.6599999	843197094
0.6599999	509694143
0.6599999	206516179
0.6599999	16068054
0.6599999	450669834
0.6599999	264548268
0.6599999	270079012
0.6599999	215511213
0.6599999	549074471
0.6599999	658973805
0.6599999	715119766
0.6599999	970707408
0.6599999	357631213
0.6599999	325847866
0.6599999	361545435
0.6599999	153915617
0.6599999	518081694
0.6599999	330485599
0.6599999	38562313
0.6599999	22756045
0.6599999	364087611
0.6599999	141040445
0.6599999	516198732
0.6599999	445432837
0.6599999	307900267
0.6599999	14812043
0.6599999	262573094
0.6599999	230132151
0.6599999	900976110
0.6599999	785235747
0.6599999	435253486
0.6599999	326839680
0.6599999	146075992
0.6599999	124810833
0.6599999	166923446
0.6599999	981618074
0.6599999	968061038
0.6599999	244384261
0.6599999	317009608
0.6599999	462056995
0.6599999	180361231
0.6599999	725394000
0.6599999	885982674
0.6599999	849303229
0.6599999	938216008
0.6599999	553385346
0.6599999	671671825
0.6599999	497727409
0.6607214	23582598
0.66459453	244995236
0.6661797	355404541
0.668338	298920593
0.668338	365814437
0.668338	145958265
0.668338	954481753
0.668338	716777008
0.668338	993570840
0.668338	167678014
0.668338	258547864
0.668338	869620892
0.668338	680824358
0.668338	867271402
0.668338	326859323
0.668338	492046718
0.668338	881217051
0.668338	13120699
0.668338	320045252
0.6689442	359092203
0.6727288	528014687
0.6795881	624688418
0.68239903	466771883
0.6909642	59022349
0.6982777	975831554
0.70422685	588830742
0.7047919	439070598
0.70533013	134147149
0.7061786	443746484
0.7091022	918792397
0.71212775	874578602
0.7135377	401890056
0.71413314	660770655
0.7163594	153291410
0.7184792	357842444
0.7192991	221856524
0.7277704	896073048
0.72780615	472010127
0.72884417	529949266
0.7325885	7801025
0.7343749	229190415
0.73635525	120290223
0.745481	291234770
0.74954367	197449962
0.7563493	412377289
0.7682226	869714126
0.77457315	92046418
0.7782916	825759375
0.7811249	181019907
0.7828612	765939479
0.78321165	85174552
0.78435963	934918636
0.7879046	304434003
0.7902569	659631163
0.7930187	832550430
0.796316	990768494
0.79730755	881361903
0.7977242	702254988
0.7991368	958621943
0.8003787	986436305
0.8024109	591138598
0.80834484	560142482
0.80834484	488885685
0.80874985	621488045
0.80874985	113299723
0.80874985	119334203
0.80874985	365812027
0.8109484	540537157
0.8122385	649428219
0.8123887	53031076
0.8169869	838236257
0.8188779	643811826
0.8196575	401983642
0.8278749	19161354
0.8336193	30892933
0.8366761	751611290
0.840948	215493586
0.8422104	234146299
0.8518762	351227303
0.85549986	645866783
0.85549986	116960512
0.85549986	491371192
0.85571355	329292228
0.8584834	238888217
0.8773438	664546964
0.8831248	384142282
0.8831248	147152236
0.8831248	399549302
0.88426834	329293293
0.8871392	484943984
0.89334226	861888629
0.8990482	1659067
0.9008739	178269048
0.90270317	811858078
0.91101265	552076277
0.9150422	246873030
0.9200964	855873745
0.93226737	270153632
0.9332142	240537656
0.9375236	478721432
0.93872076	624693375
0.95304734	209081723
0.95384395	740132588
0.9538636	730898711
0.95683104	742645970
0.9624342	172823935
0.9659425	777825083
0.9690056	814750955
0.973636	918947097
0.97372985	601430444
0.9768698	176514645
0.98806	650938133
0.98936355	609577468
0.9970624	573896411
0.9975389	539896014
1.0056136	68429428
1.0079775	9202480
1.0079918	833835922
1.0110173	231691479
1.0209129	962592000
1.0234127	921112486
1.0242496	89608189
1.0607061	580589994
1.061425	322556254
1.0657916	58288402
1.068	752873014
1.0747359	25711576
1.0808227	42432199
1.0849998	200731098
1.0849998	608052352
1.0849998	478098464
1.0849998	391311962
1.0859904	818387562
1.0999522	907056227
1.10625	547593026
1.1070368	244886012
1.109247	489083815
1.1228225	341493709
1.1271963	862794656
1.1312661	57257054
1.1532137	730162857
1.153625	814228785
1.1586461	447511800
1.1619148	155174794
1.1672184	906999110
1.176295	61869387
1.1776952	250999429
1.1801503	80069437
1.1867378	392239086
1.1915425	256593973
1.2021819	902184015
1.2024037	812990833
1.2036464	526644364
1.2245408	223144796
1.2337497	40468598
1.2337497	700686051
1.2337497	726318449
1.2337497	358792150
1.2337497	99029365
1.2337497	200054662
1.2337497	91646996
1.2337497	301878957
1.235073	389410409
1.2441978	601019663
1.2443749	635758881
1.2443749	42366023
1.2492064	548557229
1.2501702	393810506
1.2632397	130196266
1.2716655	964066967
1.2722645	717036497
1.2819955	930932039
1.2884972	221626147
1.2971929	151591408
1.2994692	285044993
1.306418	5286906
1.3101426	4299470
1.3118128	452877610
1.314157	714094359
1.332464	255764061
1.3325623	606434046
1.3341985	158953959
1.3406626	535366350
1.3438634	512401460
1.3454262	913486927
1.3522837	655910871
1.3638959	940396513
1.3694785	371332459
1.3762448	296325471
1.3800356	416639770
1.3803915	81758471
1.3852963	699903938
1.3901315	544704356
1.3931248	245724641
1.3931248	646498189
1.3931248	608106497
1.3967422	895201527
1.4028738	681660105
1.4044598	353126147
1.4051733	709201928
1.4088497	928903987
1.4149151	987951391
1.4259443	686145843
1.4414028	510454613
1.459193	278986066
1.462898	355683839
1.4809797	613602654
1.483796	576547971
1.5083257	175762292
1.5101871	313225886
1.5125922	178883969
1.5137205	405416085
1.5174524	827909420
1.5260712	616506935
1.5382824	231793900
1.5455405	421472578
1.5471873	491757295
1.5524999	872803453
1.5528861	78774727
1.553596	902560200
1.553714	379202458
1.553773	50413183
1.5582952	836389568
1.561378	153913417
1.5665439	443976630
1.5687094	724364106
1.5708086	551528970
1.5730975	849007896
1.5802947	390385479
1.581339	313807329
1.5868143	325050472
1.5876333	798301734
1.5893677	18774067
1.6018668	270653716
1.6106609	468978445
1.6107914	592874616
1.6142926	442119102
1.6242186	423067324
1.6256795	141887990
1.6266147	777888782
1.6266147	171724768
1.6309849	761384831
1.6312263	501739444
1.6315929	165403105
1.6347203	753785017
1.6480545	453065376
1.6484997	644411680
1.6589693	602235892
1.6624937	34445459
1.6683141	155758327
1.6849241	397045396
1.7126796	466803904
1.7151634	398505662
1.7319736	707531503
1.7334936	999914762
1.7364905	409688109
1.7421839	797363849
1.7422322	246224687
1.7530093	564974740
1.7637542	474444033
1.7803804	784630722
1.7981652	219727071
1.8011246	16339980
1.8106375	162208562
1.8160859	13946105
1.8205545	255590604
1.824542	653468358
1.833354	20332601
1.8393747	329751627
1.8484995	952492307
1.8495438	704010911
1.8549923	452420299
1.8641833	960569700
1.867368	588421111
1.8673966	118011610
1.8766752	152179075
1.8786458	741073977
1.8807933	123096095
1.889464	613523503
1.8945316	510853781
1.8959424	895079780
1.9001124	293922243
1.9123164	56321266
1.9145337	249005541
1.9205955	387618142
1.9244204	624457433
1.9322649	494244717
1.9394801	122429813
1.9400183	55872820
1.9473819	200102921
1.9550422	107452461
1.9557003	2966797
1.9586203	735983367
1.973072	727676298
1.9772438	424901188
1.9800243	448393378
1.9924126	857622845
1.9966826	498616348
1.9987497	412696696
2.0253515	861938825
2.0267177	934084875
2.0345604	815945451
2.0411444	58035791
2.0500493	516116113
2.0500493	49855956
2.0526814	220715928
2.0558143	213970380
2.080108	703584837
2.0809126	29757864
2.0812345	906528217
2.0998096	738356746
2.1059966	502040110
2.1133995	855626103
2.1200657	621547685
2.1237457	729568841
2.1253514	722313592
2.1261954	878143502
2.1419168	199315481
2.145958	494838593
2.152102	812519981
2.1596122	373722875
2.1616936	356751668
2.1640253	705561632
2.1793747	63974010
2.190733	356597339
2.190833	254444920
2.1930146	941549613
2.1947598	852763716
2.2046661	101930133
2.206676	457891428
2.224307	14863105
2.2247005	206535432
2.2441053	60714369
2.2460437	770549178
2.2537756	499211627
2.2681308	121704166
2.2740316	148856530
2.280662	29595974
2.291634	650755258
2.315123	25026587
2.3201728	53034833
2.321539	783628533
2.3219323	795684329
2.332375	906933392
2.336595	944922627
2.3384404	741117744
2.3650908	965712172
2.368281	958752763
2.3827577	902437848
2.3877788	730292624
2.3957253	154814504
2.4016619	307992112
2.4130702	390296278
2.415166	805509549
2.471428	521116585
2.471428	367410868
2.4838805	501000146
2.4874997	768876295
2.4934077	352670082
2.4966264	870086376
2.506075	555249664
2.50875	239629916
2.50875	985658957
2.5100374	979018148
2.5123405	895959561
2.517984	889952721
2.529149	578330966
2.552545	352081707
2.5545692	525073231
2.555828	104728787
2.5618577	124107770
2.5701904	937346603
2.5719786	86862041
2.5891733	321974186
2.6062822	259809967
2.6084924	760835143
2.6131487	269256624
2.6132703	82293053
2.6220322	654466290
2.6231194	810755171
2.6384258	379193526
2.6391554	813026200
2.6399493	973383676
2.6405	582518806
2.6520014	96479158
2.6520658	270287636
2.65831	489867688
2.65831	741851867
2.65831	272063478
2.65831	478235185
2.65831	482166154
2.6773572	48289573
2.6802325	332698529
2.6810694	248224495
2.686255	835222420
2.6879716	878005624
2.69207	169340556
2.7257872	807371755
2.7291632	79206266
2.7407289	319096552
2.7541685	638342030
2.7598834	385782572
2.7815485	485429243
2.781856	952816298
2.7890944	575424882
2.7893305	533757226
2.8037572	339214723
2.8244638	67105697
2.8271174	107349838
2.8350282	597408438
2.8350282	327359794
2.84055	694687337
2.8584528	510512967
2.8585672	122302286
2.8585672	492384949
2.8585672	443666549
2.8585672	988604481
2.8585672	339952417
2.8585672	228340346
2.8585672	95467893
2.8585672	447931992
2.8585672	582783687
2.8585672	637193165
2.866013	240532911
2.88275	132864790
2.892542	552691133
2.8933144	564205547
2.9018688	76422488
2.9030204	116528328
2.9251933	243360556
2.9273748	552259591
2.9534173	981459124
2.964704	51414374
2.966063	701569234
2.9698896	376760836
2.9873276	553902435
2.990625	911419114
3.0009818	215918793
3.008492	942438925
3.0191207	922944747
3.0437326	292943076
3.0448627	974256126
3.058617	199335999
3.0717564	481890105
3.0740738	505409909
3.0935788	877023022
3.1094646	257792837
3.1194425	114340997
3.1207228	862371339
3.1252217	923856505
3.1292129	869451654
3.1425881	554207588
3.1504989	137361234
3.1517148	650165959
3.1592464	948177128
3.1655836	125369578
3.1769705	763821751
3.19139	663022597
3.222375	457948281
3.2237482	591324598
3.234334	847982912
3.2531953	425986163
3.2655692	469841
3.3014965	401754271
3.3119464	401245898
3.319292	174619241
3.3369231	934671061
3.3529449	928012076
3.3639169	704983508
3.3681083	554861406
3.374052	61571487
3.3822775	931228146
3.3887863	910871430
3.3887863	834158863
3.4001946	913996356
3.4134126	453980434
3.4163952	771311179
3.4242344	297840507
3.428154	825928054
3.458631	96885492
3.472786	521039354
3.4771419	417541411
3.482492	946127049
3.4875774	904142717
3.4933352	781588877
3.4980345	934167526
3.498671	425275271
3.5077333	610552531
3.5096288	775073651
3.5291553	678684476
3.54733	383908630
3.5576582	421227735
3.5578728	28579355
3.559804	324759990
3.56534	55873645
3.5757613	125481808
3.6254644	249228435
3.6291838	716029537
3.6537743	103706670
3.6683154	708360355
3.6704612	230954036
3.6871195	659510342
3.7631798	817535200
3.8010669	360562957
3.804822	260967667
3.8192487	846238359
3.8555264	47567127
3.856206	447820141
3.8612914	756664474
3.877914	879604450
3.8841295	41205040
3.8858533	979152404
3.912003	16855589
3.9136124	645828918
3.9137626	372070227
3.9231253	6396126
3.9327598	304007044
3.9418435	428525501
3.9451122	939222893
3.9453554	300497052
3.957293	607553048
3.970189	420098277
3.9724422	866767967
3.9794946	468105461
4.0068755	605383723
4.013792	194111791
4.037646	14371647
4.043418	32177625
4.0517435	709224913
4.0528593	328063076
4.0614567	636148039
4.065419	917966831
4.0678296	390286674
4.072064	684443734
4.1275535	702964423
4.1433606	80390702
4.144655	689707387
4.1763053	141070620
4.17976	831490971
4.2587814	161999955
4.281541	413018436
4.322482	913202788
4.357501	926973502
4.3779216	697888313
4.408656	15582878
4.4215736	998228108
4.424084	651336437
4.526838	202058989
4.543961	119094192
4.5755754	134523894
4.6091423	285034944
4.6204863	588228340
4.638518	910993824
4.662815	135432556
4.691647	85860055
4.7202144	376383781
4.7569714	130992485
4.764968	769649047
4.7906313	193059786
4.805723	37411680
4.8166237	119834450
4.8317943	270319887
4.8461137	851661617
4.8481164	672346878
4.8751388	34955078
4.8886356	412000702
4.896718	847800268
4.9101934	776150760
4.9146852	617216180
4.9255214	408977551
4.9396763	270017895
4.979945	263182377
4.988571	807597047
5.026222	937992339
5.066026	573145880
5.081118	285723481
5.083543	751274633
5.1112304	514891988
5.143703	341160635
5.1564918	868443228
5.2288256	937166803
5.2328954	802424572
5.2328954	685006214
5.2400193	508332950
5.2470217	340887389
5.254453	718784933
5.3079543	545874509
5.333868	358216122
5.3497896	677960179
5.3906593	987074380
5.3908525	989019160
5.427216	774508150
5.4811535	109638706
5.49847	645372106
5.5320225	348756702
5.5856237	482266753
5.599564	184613511
5.729111	519774087
5.736893	559403111
5.756005	995440696
5.7571063	754175817
5.7626996	496598458
5.7785068	599081509
5.7994137	680253226
5.832144	581197895
5.861641	406822081
5.8776913	940924010
5.8836207	319979798
5.8856807	329047806
5.8856807	389431171
5.8856807	339992906
5.8856807	919068313
5.8856807	32197506
5.8856807	421966211
5.8856807	868540964
5.8856807	494076344
5.9255705	26260028
5.946513	212455983
6.0149775	421951071
6.0446463	917546997
6.083463	381653525
6.1156783	21384296
6.1313424	959422956
6.150132	275122779
6.162649	267902330
6.203297	906257188
6.2150273	539344857
6.2389956	204492769
6.3065944	257994682
6.394399	857029369
6.440469	965692546
6.452571	748004186
6.463915	160136048
6.465424	113784755
6.4671407	849795206
6.478127	342950412
6.493269	238374990
6.493269	116243308
6.5082393	786492096
6.5742645	569184647
6.5776477	738387269
6.596752	941637188
6.6021166	329903550
6.6021166	537100891
6.6066513	438867148
6.6214643	675199282
6.642185	751830558
6.648086	240729864
6.6808305	592101563
6.683012	975001091
6.727844	699051409
6.771625	161522040
6.7843995	333428067
6.8036685	932734770
6.8555603	50648230
6.871403	226803597
6.8774185	288488772
6.8858085	145995159
6.8866024	477043894
6.8927035	14736759
6.93029	653801101
6.94074	247224479
6.955746	648767156
7.074114	707783595
7.095915	829453552
7.1034822	242303426
7.171088	648050883
7.2036753	849988801
7.222644	259909727
7.2608385	806426469
7.281209	876325423
7.2964296	818737620
7.3714814	308764846
7.420727	355115101
7.5537214	290845034
7.6290593	430263559
7.6809797	763709268
7.710205	441183464
7.7230153	227138885
7.734116	169134011
7.749115	690441826
7.7947984	13336788
7.8022513	968928295
7.8457675	588125454
7.861131	670193960
7.8668103	143929354
7.8862796	387967854
7.8962502	4344035
7.89929	172013943
7.9347525	186661975
7.942606	806528222
7.965666	638780017
7.9831896	485964915
8.069204	705063663
8.130473	631958618
8.299645	165783568
8.310689	324020026
8.350672	170643194
8.410753	738998549
8.423656	27289535
8.446831	136096632
8.45653	386990294
8.515052	264641222
8.5366955	313702529
8.606061	140474833
8.640064	339342571
8.657202	35708693
8.661422	730634544
8.755564	577051704
8.800882	848186645
8.816518	544246646
8.913292	487205885
8.946952	498663596
9.103607	953659818
9.165176	668277189
9.17024	385038587
9.199752	989613028
9.203886	638787210
9.266771	183614171
9.35027	798313392
9.383587	541069299
9.529428	60235420
9.631065	441886974
9.662794	576768705
9.673838	303472921
9.720615	808262058
9.729127	885970198
10.110215	414015620
10.123776	97437687
10.220078	186660927
10.232724	730748777
10.340013	615497701
10.512003	690025580
10.56652	771908029
10.600494	806778238
10.621795	920281025
10.632309	483888848
10.668258	236617147
10.858144	795192908
11.131715	446310927
11.153244	294359974
11.319698	73201230
11.410393	755213774
11.466712	132557022
11.568235	578626258
11.637615	579440036
11.915335	937126983
11.971225	568326317
11.977591	382830114
11.982998	328349504
12.1529	105879623
12.256583	970659659
12.281989	630651724
12.594484	392892118
12.706508	678426961
12.723745	530130838
12.751783	152132158
13.034424	286494911
13.382639	877132081
13.536376	99604149
13.624581	188770604
13.685364	661437000
13.791708	914374493
13.975643	106158395
14.205212	627115856
14.217371	524629775
14.220132	751761592
14.289197	202661505
14.391707	132673745
14.426726	888992822
14.463791	54341038
14.735602	897393130
14.787702	833204427
14.849471	274109823
14.990591	836541540
15.023936	343065497
15.109695	750400299
15.324401	513946071
15.407914	493104465
15.40923	278122276
15.529121	839817439
15.675806	401027060
15.687808	863448228
15.716619	124999249
15.985712	908993245
16.007616	340881342
16.04461	982694233
16.05159	703145774
16.599047	328770627
16.925432	758166535
16.97776	879173362
16.990263	61735044
17.079927	565683276
17.129366	771157272
17.195799	370125540
17.232677	374108160
17.347977	552011834
17.512829	297384598
17.52699	433435972
17.695591	363198214
17.707808	464539509
18.017914	265499327
18.2395	123440715
18.369305	918111204
18.597414	180537803
18.715345	972295135
18.742754	381327668
18.860628	266983936
18.874762	968254555
19.045536	315573532
19.09735	649926154
19.391348	33523924
19.722025	704623141
19.750692	172677775
19.756186	468640634
19.925987	546715084
19.927618	813458196
20.006067	188934771
20.1143	956861292
20.185482	966530611
20.213005	844875223
20.454475	53587560
20.47024	478894028
20.757143	178581490
20.770561	733979116
20.770847	617946494
20.932667	195304891
21.254274	577555162
21.32972	417597517
21.536886	353917864
21.63708	480054328
21.767027	237689743
21.846106	899108485
21.851055	270765603
21.891996	922748915
22.24725	763172633
22.263243	555967206
22.385866	241818003
22.48171	250418667
22.490694	218066904
22.571632	574391104
22.851068	948856944
22.851212	85404069
22.938845	871581626
23.171875	572564495
23.3585	51055687
23.897545	132019999
24.336283	580501176
24.445288	150385463
24.478476	306144691
24.658463	694683649
25.277874	787234989
25.308601	257950280
25.45025	851676127
25.473911	184392495
25.523607	746851505
25.555222	425336821
25.625546	94167999
25.936796	845624536
26.160614	999478770
26.24324	713440831
26.2871	136499338
26.970398	263474361
27.068617	591415955
27.112104	131935799
27.161543	665049067
27.472822	312093707
27.704594	560898898
28.042194	943857690
28.043425	878899244
28.403427	921359440
28.656656	857222789
28.691618	462614270
29.99284	103862330
30.223839	323930681
30.529282	509605014
30.728123	130375339
31.103918	339267357
31.236355	732269854
31.258728	484476215
31.366703	742393684
31.675665	588364625
31.882603	908401899
32.053654	304576517
32.706024	843467958
32.86172	694953996
33.179123	13752153
33.29883	947614947
34.862034	791127801
34.93825	17698667
34.977676	139685243
35.019505	795672623
35.471317	161065767
35.827286	788446985
35.900986	708912199
36.060745	668194062
36.301643	551313426
36.360294	843998934
36.403725	832360215
36.653206	849819680
37.23737	441447809
37.436268	991408001
37.532513	308945000
37.846596	527187019
38.24485	931363324
39.267666	603180297
39.77418	681047107
39.95723	923588396
41.190502	725778405
41.653015	897202341
42.300465	961102310
42.589714	417237837
42.630054	876752230
43.51251	527100264
44.093582	175917331
44.106342	967204475
44.22061	300353903
44.22765	871709530
44.426376	294900335
44.557354	824850192
44.632484	964619724
44.832355	678747724
45.03137	170481564
45.227634	67505707
45.406563	353748009
45.660793	995050994
45.68723	664046068
46.122334	873061215
46.66873	121040576
47.42404	833094749
47.598392	811529193
48.11103	895860263
48.4266	632934403
48.71768	273227760
49.029247	444466653
49.546406	534047206
49.590237	661850261
49.590237	113069306
50.270073	870018023
50.29565	33441540
51.319324	77050986
51.410133	235443855
52.063362	456929493
52.802135	282210501
52.983295	716980984
53.012993	516782715
53.501026	896023689
53.807785	521684655
54.17102	464659617
54.68423	562396826
55.15899	269116077
55.52606	645406606
55.955097	397597909
57.150776	687522483
58.41552	767380409
58.447792	124002555
58.594734	651975777
58.916714	300095003
59.247505	209576447
59.478275	617560080
60.860664	867745587
60.99187	78309171
61.268475	884830697
61.53787	885251036
62.273666	741163425
62.798264	563396627
63.055183	963996245
63.12425	477533282
63.838474	959170443
64.214134	913847391
64.23828	59950311
64.50653	993397244
64.63928	247181081
64.73862	365418817
65.59269	806931639
65.77534	830114301
66.10184	444516596
66.17233	702469879
66.39458	247905836
66.50993	334450295
66.81206	138964772
67.11006	56277995
67.425575	48998962
67.50637	870756376
68.18146	663696668
68.18352	432067235
68.40244	241475027
68.48038	896775658
68.78113	502510111
69.20147	221911528
69.46766	745237693
70.813484	195809208
70.94463	777250769
71.781425	313126204
72.448616	73987971
72.68974	433973671
73.3091	94437104
74.1745	15638081
75.15652	155419582
76.013794	379781802
76.52626	456281551
77.41707	599072128
77.56046	853344334
78.036766	645253570
78.14377	502151517
78.5165	48172141
78.82275	440317013
80.16262	786748237
80.28942	442498071
84.03278	208749420
84.26716	154441718
86.33957	583149878
87.40135	993244754
88.313446	137467752
88.44711	463938793
89.62849	254521218
90.089455	982736611
90.64873	503871429
90.84499	551582773
92.17365	102337514
92.52991	805660824
92.62295	805325635
92.62432	964265399
93.78395	869367167
94.42219	16511102
94.78165	795542368
95.08194	985994150
95.97916	689721163
96.17428	298945270
97.75059	263191022
98.0447	855688761
99.76578	654054642
102.28783	879709100
103.02975	628379263
104.52721	876978187
105.67757	882203643
108.31749	581608623
109.704285	670430058
110.98808	376575984
112.98233	954190033
114.827805	688912251
115.2153	398056474
115.34531	240665966
115.84358	319036965
115.97462	863816467
120.8585	124481244
123.78372	135828154
125.154724	529714927
127.02572	652688151
128.18416	314796084
131.50684	901496605
140.72253	89485199
141.84863	411109163
142.6424	689283636
143.38649	253767902
145.63548	181759310
147.14793	602935568
148.8412	304098221
150.70567	94270100
153.00388	890982258
160.19809	493116597
162.88425	908901357
166.62646	954047611
168.12816	652104251
169.25517	323055369
171.57123	992445575
174.74696	417330561
187.09445	51860417
187.45105	543428253
189.73827	527830920
198.87294	331881197
199.6667	507609123
202.86418	968402760
204.8923	651698774
209.16118	134611107
220.05435	545589499
221.52034	840021060
226.69261	381900535
228.76926	321008253
244.55226	996683538
247.54306	282031044
262.38446	494702064
279.44348	772254683
282.41254	221917900
282.6556	452730577
285.8421	847496909
286.50357	996983802
289.5619	96531828
298.89844	756116573
326.8504	111089796
327.16946	718374110
344.03577	545799026
364.7862	408393011
372.4963	330674644
385.48306	198502446
388.95886	749044979
400.78427	64104455
408.24445	446306323
456.04504	532179080
497.8114	383879990
681.14874	835634515
689.2548	770595672
824.64667	122086801
910.9205	686124437
989.4965	530732610
1082.4216	942971137
1094.7208	57356225
1514.1184	469334515
1866.9224	728710770
