0.15009204	966527172
0.15009204	528526352
0.15009204	39722526
0.15009204	280561919
0.15009204	743229869
0.15009204	831129986
0.15009204	283594468
0.15009204	150038539
0.15011103	197408269
0.15011103	247833693
0.15011103	513709452
0.15011103	943407936
0.15011103	329043664
0.15011103	48726300
0.15011103	845113102
0.15012333	679300903
0.15016267	174846467
0.15036741	179662835
0.15057953	661880879
0.15058869	255392363
0.1506638	187047972
0.15100197	731916502
0.1510127	490081712
0.15122594	713036900
0.15133971	923892201
0.15148254	101810451
0.15148254	226307654
0.15149997	48538771
0.15152344	522888908
0.15196042	827536928
0.1519774	946682982
0.15199216	531054580
0.15199216	926151276
0.15278251	904039753
0.15322374	894426186
0.15344591	147581026
0.15364283	803261566
0.15364283	771557547
0.15364283	116185541
0.15364283	299705120
0.15364283	411838682
0.15364283	305523455
0.15364283	2723590
0.15364283	327628408
0.15364283	85844192
0.15364283	633665004
0.15364283	232787143
0.15364283	433930456
0.15364283	404142112
0.15364283	148355013
0.15364283	965717353
0.15364283	986883683
0.15364283	760096487
0.15364283	235023137
0.1543192	307576521
0.15439653	916789464
0.15439653	785245467
0.15439653	73263752
0.15439653	313451986
0.15439653	303599259
0.15439653	560094439
0.15439653	460119482
0.15456171	778512048
0.15460977	704960844
0.1547222	130456466
0.1547222	342441763
0.1547222	38330429
0.1547222	658016054
0.1547222	28063534
0.1547222	789775422
0.1547222	959098634
0.1547222	84598800
0.1547222	650169573
0.1547222	414794384
0.1547222	15488320
0.15618646	1873427
0.15675285	903401690
0.15754656	505034870
0.1595428	539663950
0.15980767	355185870
0.15980767	385276404
0.15980767	608816817
0.15980767	939274525
0.15980767	244221513
0.15980767	653647485
0.15980767	240498114
0.15980767	834057690
0.15980767	558619942
0.15980767	58355577
0.15980767	336117744
0.15980767	559380945
0.15980767	267117949
0.15980767	387102335
0.15980767	228778612
0.15980767	145560561
0.15980767	727560933
0.15980767	970553885
0.16133206	205374649
0.16159089	185276631
0.16159089	5043179
0.16159089	731781871
0.16159089	747261600
0.16159089	7727991
0.16159089	379148973
0.16159089	743747191
0.16159089	820810743
0.16159089	111816269
0.16159089	849226983
0.16159089	956081178
0.16159089	898626490
0.16159089	886010096
0.16159089	239513213
0.16159089	380463100
0.16159089	780008328
0.16159089	63328206
0.16159089	449724363
0.16159089	769195644
0.16159089	735866517
0.16159089	596406507
0.16159089	536838332
0.16159089	538119800
0.16159089	531032048
0.16159089	761137785
0.16159089	12257353
0.16159089	3228668
0.16159089	249480965
0.16159089	532457574
0.16159089	650418919
0.16159089	350080160
0.16159089	168620457
0.16159089	767230736
0.16159089	927753999
0.16159089	419520139
0.16354331	771464514
0.16441168	710651007
0.16450846	225910848
0.16844505	478198786
0.16919138	604742097
0.17041156	331933438
0.17054164	442075715
0.17054164	851637636
0.17124997	439198155
0.17124997	125725311
0.17124997	45239958
0.17124997	393368002
0.17124997	181092345
0.17124997	297826901
0.17124997	267705047
0.17124997	431155364
0.17124997	127369576
0.17124997	484246608
0.17124997	817504397
0.17124997	920236970
0.17124997	691730493
0.17124997	689233975
0.17124997	833239596
0.17124997	492682166
0.17124997	264001299
0.17124997	315857222
0.17124997	413356772
0.17124997	96978731
0.17124997	517937163
0.17124997	390486683
0.17124997	409187722
0.17124997	506417659
0.17124997	314219392
0.17124997	372469622
0.17124997	457366081
0.17124997	636873115
0.17124997	697644445
0.17124997	541408570
0.17124997	592427322
0.17124997	384168777
0.17124997	409601787
0.17124997	241169333
0.17124997	262453529
0.17124997	196187299
0.17124997	259200805
0.17124997	922823085
0.17124997	858912404
0.17124997	580174233
0.17124997	846528441
0.17124997	664466186
0.17124997	920316387
0.17124997	135031709
0.17124997	376197590
0.17124997	191345975
0.17124997	118143536
0.17124997	567139648
0.17124997	660325446
0.17124997	657982758
0.17124997	347332230
0.17124997	273291693
0.17124997	444901822
0.17124997	498188419
0.17124997	304849403
0.17124997	112587980
0.17124997	400711395
0.17124997	792905206
0.17124997	848592626
0.17124997	115630094
0.17124997	279052144
0.17124997	216447772
0.17124997	345225211
0.17124997	283504424
0.17124997	432680150
0.17124997	132224543
0.17124997	973148660
0.17124997	764452190
0.17124997	729400392
0.17124997	614691543
0.17124997	546065617
0.17124997	562343250
0.17124997	769547116
0.17124997	245878443
0.17124997	291369180
0.17124997	201365090
0.17124997	352739846
0.17124997	487212944
0.17124997	569669509
0.17124997	880734261
0.17124997	755874031
0.17124997	562278592
0.17124997	626928520
0.17124997	675482359
0.17124997	682048570
0.17124997	352766706
0.17124997	146484593
0.17124997	454566196
0.17124997	395636006
0.17156714	505449528
0.17446348	821829191
0.17541254	962161310
0.17541254	643813630
0.17634997	532263264
0.17765889	589026951
0.1812973	630041607
0.18333444	710151013
0.18381411	913281176
0.18817471	211707829
0.18840963	374233173
0.1916247	762309365
0.19415581	701913993
0.19476154	591749082
0.20167404	63542459
0.21389419	817832782
0.2143258	818303
0.21485867	353630078
0.21567048	895206741
0.22012496	541619228
0.22647218	860189901
0.24171048	522151727
0.24349996	742752817
0.256361	333630351
0.26344115	87216219
0.27767742	910012913
0.27789468	85444642
0.27878785	382451719
0.2788549	536173175
0.2790212	530165163
0.27936006	237727060
0.28061712	751970016
0.2806502	645515210
0.28114283	673693483
0.28133774	296721577
0.28189653	607518576
0.28189653	787743620
0.28228903	230477531
0.28248796	578296249
0.2852922	282512483
0.2903723	455204974
0.2917742	230830675
0.2926066	762731583
0.29381135	43088772
0.29584312	879035067
0.2972504	984783315
0.29985616	755196296
0.30087495	971601598
0.30429342	357984694
0.30686074	883285884
0.31544203	109148765
0.32133126	548525565
0.3232696	587620537
0.3234797	669236203
0.32424995	809676654
0.32567197	303998171
0.3271463	379880508
0.33209363	259027531
0.33707583	456261758
0.33845896	875448741
0.33847684	704356563
0.3413942	406090871
0.3415596	774152551
0.3459146	825091754
0.3475275	526268185
0.34762496	210974888
0.34927452	613625525
0.3534963	673871295
0.35946423	826335649
0.35946423	956151373
0.35946423	431333123
0.35946423	294895914
0.36018485	355724951
0.3671416	251456587
0.36992574	138309355
0.37542248	866435320
0.37919635	626861267
0.39437497	829221374
0.39437497	798694648
0.3944626	51147860
0.3964443	785028924
0.3964443	19117068
0.3964443	419442001
0.3964443	383195247
0.3964443	156245369
0.3964443	819984149
0.3999687	914454548
0.4007917	113401761
0.40140638	323944489
0.40231252	906680485
0.40523165	367239922
0.4055039	881560942
0.40568897	466934136
0.40571222	798678256
0.40571222	123513178
0.40571222	683480851
0.40600726	220992491
0.4081289	157879823
0.40818745	615914640
0.4086327	355235751
0.4096792	318032252
0.41060993	57919588
0.411715	355447728
0.41350225	544041477
0.41410708	478622354
0.41410708	903936264
0.41410708	743267679
0.41410708	495815143
0.41617954	375306245
0.41642943	254963718
0.42219573	360567757
0.4231743	117501291
0.42403752	350910183
0.42466292	841879853
0.42650604	857863406
0.43099606	26440193
0.43136576	967149876
0.43156245	755693725
0.43238947	514233194
0.43267512	197887355
0.4398536	147968990
0.44210264	850094681
0.45730764	769471372
0.45852312	893244983
0.46874994	693732823
0.46874994	665079312
0.46874994	547871135
0.46874994	654598544
0.46874994	741063120
0.46874994	116465406
0.46874994	342738612
0.46874994	288755751
0.46874994	420223593
0.46874994	300558942
0.46874994	292659875
0.46874994	269674916
0.46874994	470061482
0.46874994	657656270
0.46874994	658731160
0.46874994	614603940
0.46874994	635762819
0.46874994	836844833
0.46874994	572773465
0.46874994	753492837
0.46874994	367490037
0.46874994	795593445
0.46874994	730883712
0.46874994	861338756
0.46874994	721971131
0.46874994	945481734
0.46874994	89455548
0.46874994	750132567
0.46874994	653440830
0.46874994	888290936
0.46874994	63603961
0.46874994	993239005
0.46874994	844056961
0.46874994	587329557
0.46874994	859510591
0.46874994	638003505
0.46874994	49202665
0.46874994	990263663
0.46874994	136904315
0.46874994	372234668
0.46874994	370629284
0.46874994	338814497
0.46874994	939723140
0.46874994	84734660
0.46874994	705737651
0.46874994	205078881
0.46874994	463462851
0.46874994	536024163
0.46874994	740087888
0.46874994	936885319
0.46874994	864787417
0.46874994	529549154
0.46874994	473395137
0.46874994	370061885
0.46874994	498906488
0.46874994	195434038
0.46874994	274120991
0.46874994	124343429
0.46874994	440282237
0.46874994	489999757
0.46874994	38803681
0.46874994	304959667
0.46874994	602120032
0.46874994	52431955
0.46874994	723241930
0.46874994	788165706
0.46874994	597463489
0.46874994	628547793
0.46874994	687540115
0.46874994	945883318
0.46874994	997299437
0.46874994	297586410
0.46874994	985316691
0.46874994	167369073
0.46874994	483249686
0.46874994	507075306
0.46874994	272346332
0.46874994	476253681
0.46874994	328677180
0.46874994	494030881
0.46874994	401296566
0.46874994	874053907
0.46874994	941670391
0.46889925	20765298
0.47140846	368503967
0.47306517	190873862
0.4854248	232638703
0.49137616	832543745
0.49429575	211981906
0.49627835	846404485
0.49627835	305903799
0.4963092	785796519
0.5112499	587216950
0.5112499	3853483
0.5112499	901910388
0.5112499	712129308
0.5112499	932432657
0.5112499	343334254
0.51143855	2688739
0.5248013	457161149
0.52523583	45815303
0.5264285	397063525
0.5278179	738479654
0.532611	687491876
0.532611	155125770
0.5328551	582358382
0.5366039	644403216
0.53699553	495431681
0.537405	352585871
0.53752124	104601318
0.5412942	293586607
0.54409087	97990732
0.54409087	920019156
0.54415256	118334524
0.5442339	277735806
0.54427505	5034581
0.54616064	790044473
0.54755	201031075
0.5605757	369386056
0.56891024	702966968
0.5711436	257139755
0.5722952	235552004
0.5731785	986991623
0.5749792	510860862
0.5751991	637777658
0.5759296	748070312
0.57612	528173547
0.57712495	18487043
0.5825421	867351116
0.58299184	828543999
0.5889642	607111684
0.58906436	891451437
0.59031427	175795470
0.5963814	79044710
0.6001079	15869798
0.60293496	96798833
0.6034839	363916279
0.6062108	387702976
0.6071621	873828717
0.6080133	292651190
0.6216514	507370223
0.62330186	180388113
0.6252384	907593811
0.6340334	575324958
0.63768744	143669041
0.6587598	364570814
0.6600651	630104323
0.66131145	971137956
0.6626561	695285899
0.663214	415471594
0.6644988	254519165
0.670625	779964291
0.6783417	605842481
0.6793511	213964867
0.68435967	512480195
0.6871742	917976480
0.6880316	350729311
0.68890333	878701510
0.69256186	686262582
0.6985584	987910448
0.6990358	956850615
0.7015285	200786316
0.70230186	360918975
0.7239026	52668482
0.72559774	844616841
0.72888434	386527881
0.73381335	493628744
0.73381335	85076785
0.73381335	711497345
0.73465556	898756204
0.7352233	927741909
0.73746115	792409887
0.73746115	452921681
0.73746115	471860006
0.73746115	952838458
0.7419136	387545892
0.74499995	689104722
0.74499995	410370541
0.74499995	279596479
0.74499995	311843937
0.74499995	53219245
0.74499995	758529373
0.74499995	38339069
0.74656636	336401301
0.7559988	964221911
0.7588124	178544643
0.7600874	947819742
0.7622859	381623075
0.7622859	400482200
0.7783827	373271287
0.7787591	38428659
0.7871759	164647957
0.7878983	643181372
0.792104	959597484
0.792771	317160082
0.79361945	699486528
0.7971895	191007412
0.8002499	522940190
0.80444574	833056453
0.805777	82337886
0.8111772	829625832
0.81365377	442638671
0.81553936	176757580
0.81839055	512153572
0.8193749	297749884
0.8193749	655303747
0.82103074	150791469
0.8218354	833501443
0.8255699	836498028
0.83182126	622063682
0.8331874	271486964
0.83446413	863561817
0.85169107	38031872
0.85523427	999796794
0.86969763	829235555
0.8706784	83057978
0.8737773	979040610
0.8754438	703312732
0.88187486	270590003
0.8899367	248852630
0.8937499	757479076
0.8937499	764703476
0.89392245	85177596
0.8943489	123514537
0.8955595	463751582
0.9009445	522831297
0.9153363	794540136
0.9156966	397126841
0.91596574	539998822
0.9236422	127751594
0.9240177	465453786
0.9348297	126012970
0.9361565	599231052
0.93712926	367395374
0.9389281	667262542
0.93918383	472962395
0.93942434	319804849
0.93942434	126780066
0.9404999	914915159
0.9404999	728390545
0.9411597	264178335
0.9436631	618583722
0.9467825	602029815
0.9468013	414632513
0.947741	345887139
0.95029086	468308962
0.95494807	122270595
0.9553683	317221333
0.9554425	483163430
0.955455	599162633
0.96473634	681058835
0.9708956	694953741
0.9731522	727867093
0.9810209	712182681
0.98412067	741401330
0.9871337	450422284
0.9927985	340811356
0.9927985	985925866
0.9964213	593682267
0.9969926	371408059
1.0004904	532629422
1.0036376	963932604
1.0106757	409365921
1.0117933	555669573
1.0127499	83287768
1.013905	842988279
1.0184165	608915871
1.02151	553623536
1.0315379	986181131
1.042383	78021808
1.0440406	346297518
1.0441568	349463407
1.0460415	924517634
1.0467621	951591178
1.049464	359621277
1.0557833	659414896
1.0610476	29591046
1.0631254	22865608
1.0679998	581386593
1.0679998	942450507
1.0679998	291967003
1.0692086	440065669
1.0725042	375919968
1.0740116	236026805
1.0740438	851316309
1.084735	736183487
1.0885098	953656954
1.0885098	485381619
1.0885098	950094324
1.0948076	570917170
1.0993888	278562771
1.1009696	585657219
1.1011984	47769719
1.106502	378358515
1.1072567	204447886
1.1074641	643898912
1.110554	857294199
1.1156484	335662526
1.1206999	721931537
1.1228743	643448973
1.1244049	29240510
1.1555632	225345557
1.1555632	12293011
1.171374	295290800
1.1714026	480494696
1.1760285	233318961
1.1768457	590484012
1.1779686	505542543
1.1782601	315023915
1.190491	729971379
1.1940368	352673347
1.197715	778557920
1.1989131	910015391
1.2009695	15236673
1.2026217	402591540
1.2100103	218609045
1.2100103	570707814
1.2100103	582085700
1.2150296	898929260
1.2288197	284539722
1.2308332	630970212
1.2331685	929963411
1.2338551	711103570
1.236709	891719905
1.2379589	442133970
1.2389209	562287106
1.2391856	810742139
1.242642	122398236
1.2515935	244346920
1.2549999	806753008
1.2722358	36244149
1.2734195	658398704
1.2762734	122010891
1.2771943	495930025
1.2792953	117935577
1.2848243	133613897
1.2875226	648429856
1.2952366	666135842
1.2999054	583811557
1.3042077	251585735
1.3042095	494792969
1.3044938	928279143
1.3075551	893622566
1.3083812	516189109
1.3187113	612270775
1.3242724	390945718
1.3284566	108224149
1.3364854	371749442
1.3403549	252060871
1.3457354	777006889
1.3484999	936621794
1.3584813	6498108
1.3661828	75898936
1.3743796	389927736
1.3761249	459282405
1.3800212	26350079
1.3805988	537209930
1.3809618	844479545
1.3827946	459019411
1.3835117	741599279
1.3852533	846463066
1.3970371	228010313
1.3990971	390791636
1.4037498	533853060
1.4037498	943688344
1.4089909	674001928
1.4104196	622209274
1.4165422	587014811
1.4215937	604771594
1.4250001	883794811
1.4250001	66502103
1.4250001	121146415
1.4250001	502282636
1.4250001	558437799
1.4250001	752637677
1.4250001	221509883
1.4250001	294184162
1.4250001	533271944
1.4250001	260903030
1.4250001	57985021
1.4250001	383330040
1.4315053	641205028
1.4464703	105327762
1.4562997	585061911
1.4604589	978599896
1.4606413	773829768
1.4626726	591331553
1.4628085	274568800
1.4636257	647553758
1.4636257	106228075
1.4636257	716675811
1.4680549	578041213
1.4694443	556213762
1.4696249	558119293
1.4729222	500434066
1.4774319	129587199
1.4825406	580469281
1.497493	78425837
1.4985266	287940424
1.5007725	836046773
1.5028396	361064932
1.5029165	635094210
1.5048065	242574189
1.5075835	357253965
1.5134343	552693865
1.513504	241458529
1.5140244	623219214
1.5337762	653048775
1.5394017	5751425
1.5524998	649260857
1.5524998	563451715
1.5524998	6516031
1.5524998	824752501
1.5524998	477973514
1.5524998	601024705
1.5524998	344800761
1.5524998	852039345
1.5646663	928859565
1.5652528	30927383
1.5657749	781606022
1.5752127	401622257
1.5754076	56080510
1.5755668	156060830
1.5779378	820534716
1.5782776	381255769
1.5834882	43945107
1.591964	652622460
1.5971085	134835464
1.597518	947248921
1.6006794	934845881
1.612853	466545963
1.6160842	16850292
1.6163721	150402507
1.632224	123782938
1.6364654	622054916
1.6399416	143757889
1.6480007	802952891
1.6495206	643345740
1.6574779	231473431
1.659924	570689666
1.6619053	392860708
1.6621771	489125104
1.668761	574056729
1.6717472	620192327
1.6720011	650928763
1.6760852	386775119
1.6776838	85109409
1.6831537	677669905
1.6842499	292373302
1.684722	455445679
1.6853317	221658952
1.6866442	989767187
1.6903331	117127585
1.7089977	894554705
1.7118748	835327022
1.7135396	855063564
1.7176702	10433886
1.7187824	839940594
1.729032	282504610
1.7339083	492784937
1.7373058	429963448
1.7431816	860192449
1.7478075	109885058
1.7488106	802554502
1.7501714	832667783
1.7560598	152690673
1.7585238	47151322
1.7611506	726625152
1.7755541	923600259
1.7765393	495998872
1.7765518	23048420
1.7819735	855727063
1.7903527	148739347
1.8131104	529131657
1.8279698	183358153
1.8399986	284340139
1.8439415	449222970
1.8439415	170611636
1.8499997	480034096
1.8549582	564838461
1.8676611	602931526
1.8721136	241023883
1.8844321	962997673
1.8844321	186847474
1.8844321	761968717
1.8844321	865424726
1.8979325	150016892
1.9039514	297779697
1.9318124	525901113
1.9321861	727744823
1.9334879	474166079
1.9425234	930346728
1.9466575	903231254
1.9750693	721224446
1.9750693	458415411
1.9919189	777398508
1.9975873	264039582
2.0067868	222462581
2.007359	26773846
2.018331	969457734
2.0206628	537319930
2.0404325	541717351
2.0619223	867655615
2.073749	987848876
2.0823464	165256739
2.085658	407039933
2.0971773	341652032
2.0993445	181072442
2.0997915	187680176
2.1173368	346516888
2.1191428	112104166
2.1197937	959811308
2.1333334	106067159
2.1333334	726904442
2.1373425	825166593
2.147542	519341839
2.1478639	318584876
2.148132	798092856
2.1516118	293912172
2.1517549	360362708
2.1602235	880533763
2.1831546	982055071
2.1899996	106176621
2.1899996	286152982
2.1899996	660790258
2.1899996	890512266
2.2020802	38376631
2.2112498	212475995
2.2122154	561579883
2.2180233	571202769
2.2325	445323586
2.2337089	652712416
2.2395167	104157569
2.2617183	818196010
2.2621903	84141370
2.2687778	193155742
2.2697434	431002590
2.2783194	234274366
2.279943	897926300
2.2816596	178743135
2.2919164	454380986
2.2937188	119963183
2.3023806	362185202
2.302638	497832296
2.3105202	543214007
2.3217497	671563989
2.3309836	711382328
2.3424778	253140368
2.3550806	351158041
2.358235	54817369
2.3597727	457901501
2.3633704	213190415
2.3671613	947541872
2.3735342	880276332
2.3892555	657943939
2.3944912	582143904
2.396687	791905372
2.4000702	208680590
2.4338017	429421184
2.4653158	341739559
2.4712381	890293161
2.4859653	136831541
2.4949274	342109053
2.501801	552101513
2.5172935	839359680
2.5248394	582265681
2.5270853	352656680
2.528716	362909200
2.5342736	704711624
2.5397596	857881222
2.5477562	782535141
2.5537214	170137077
2.5642715	112550949
2.5655947	602122248
2.5710306	957251862
2.5903854	219922756
2.5958	513997260
2.6024804	620004673
2.6030812	547399735
2.6160488	396618777
2.6297603	543412907
2.6353178	488010886
2.6383934	35854684
2.6413832	474556437
2.6491008	21694805
2.6911578	503666789
2.69909	999645491
2.7133522	501701592
2.7224646	232521075
2.722722	185370338
2.7416906	188521767
2.7553377	726645167
2.759758	142994677
2.7852497	692633943
2.797738	76201432
2.8020797	564122541
2.804161	501838446
2.8064213	642290787
2.8110776	170936769
2.8172789	998036927
2.819775	660918913
2.8451238	249500322
2.8591714	312006484
2.8680835	417746784
2.8680835	728671271
2.869378	223815780
2.8952417	528883391
2.8964791	513677966
2.9015288	387130504
2.9129586	273395931
2.9146752	716651998
2.9158125	205957204
2.9158196	587969161
2.916492	48206985
2.922686	772887066
2.9285727	14857703
2.9432998	693588695
2.94973	514095877
2.958928	167112724
3.0502305	403578957
3.053063	477200414
3.0580482	432197781
3.06362	67330863
3.0659661	604755512
3.0713377	284123089
3.0800853	428220366
3.0815086	822454787
3.0958638	587511095
3.1034455	970811159
3.1335006	490180268
3.1352172	909992776
3.1596503	596968563
3.161975	748446262
3.1656942	599675745
3.1660948	201056206
3.1849775	919253901
3.190621	517273049
3.200706	695894034
3.2086525	234692987
3.2125006	254882016
3.2216988	485927963
3.2382355	661983543
3.28163	774511850
3.3271632	886859605
3.364707	211731036
3.3717237	919190492
3.3766875	793162430
3.3793554	705211591
3.3950553	677303677
3.415676	382213375
3.4248743	967415902
3.4362612	152892610
3.4627686	395702419
3.4838543	143788126
3.4961925	887068386
3.4961925	110920605
3.5032663	637634894
3.5224853	947055791
3.5434065	593999206
3.5749493	650281337
3.580285	96503933
3.6055193	752929420
3.630682	853844378
3.641747	336171565
3.642548	680228606
3.6712298	723277602
3.6835752	379264327
3.6839113	310479036
3.6883388	900889244
3.6980662	725892683
3.7168274	127169514
3.76505	600742651
3.779963	17737426
3.7916574	177206559
3.799468	739600204
3.8338218	92283812
3.839973	294363825
3.8619385	264131981
3.8739977	357016081
3.8899765	207775431
3.9270911	464299655
3.9484272	591815045
3.9528475	175786414
3.9895973	852509062
4.0042357	426588908
4.008327	940880805
4.0327387	408772003
4.0415936	105381941
4.0783005	542551635
4.0919833	292135829
4.1256504	861759478
4.126716	84888863
4.154418	195706674
4.1758327	963714921
4.187191	439029584
4.1957455	430421208
4.2106156	338354988
4.2460566	707242059
4.260383	464045301
4.262629	61156624
4.2658763	159392500
4.266842	223701518
4.268358	213841618
4.2783146	279392229
4.296704	910130252
4.3079047	274858969
4.3215876	347715034
4.3363647	13609381
4.336479	261133021
4.3529873	29505699
4.4279604	609448909
4.451721	994349128
4.4704967	264790678
4.4848447	417202405
4.4854097	438185818
4.4915395	693584278
4.4933205	918116621
4.5199995	861157700
4.521616	118884800
4.521616	284519096
4.566148	798216753
4.577213	739236964
4.5815473	851430434
4.640835	897721223
4.661806	801762513
4.709285	991370120
4.736207	755310199
4.7397833	564222347
4.7674136	43799152
4.810801	663535207
4.850841	518714305
4.90794	26565187
4.9105005	416883017
4.92492	272276926
4.933131	142646155
4.9403124	282067955
4.9754815	348844997
5.034297	223800015
5.0622277	406017734
5.0712185	656558119
5.0759034	409652814
5.134433	11856082
5.1360564	326844214
5.216251	548916429
5.2506833	182806709
5.313547	3131486
5.3267293	39791678
5.328403	371443966
5.362163	139548286
5.4069667	349175058
5.4306273	319151892
5.51256	65054288
5.5270295	28196870
5.5371504	827917202
5.5371504	855068839
5.606845	500605322
5.6290107	43744661
5.669823	436303149
5.674036	987621255
5.693348	845725074
5.723589	344141614
5.7366066	624439941
5.7601385	591877902
5.784865	260451737
5.7983403	226193546
5.930584	949480361
5.9530215	684806557
5.9850864	852641784
6.012116	921255488
6.056984	893103292
6.149445	732202169
6.180709	940427262
6.215735	800164355
6.227122	173838578
6.250017	915272211
6.306594	479029982
6.3202767	962545037
6.351605	842624836
6.36498	108323103
6.365195	137450612
6.3656526	998539047
6.397002	227267360
6.469014	316096887
6.538723	833494940
6.546562	88275927
6.5622907	193506699
6.563328	699498728
6.56498	874437595
6.5905433	652430491
6.5905433	843848296
6.5919023	273113999
6.6048484	651328418
6.6229086	51944323
6.6387587	879185914
6.6673617	104301968
6.675995	624539695
6.6869597	551334090
6.803103	571164677
6.837478	417147880
6.877418	992129775
6.8981676	112965365
6.910005	974199686
6.9927816	612489185
7.0491867	958394196
7.0806937	637405468
7.0947485	242516958
7.1518545	439096352
7.1837907	941151655
7.198804	930803628
7.2544436	933817568
7.319818	958720528
7.3334293	714424693
7.3350673	522117869
7.341383	307717693
7.366553	313422071
7.3669105	737022142
7.4666743	601218334
7.4717026	306540442
7.5599294	15479762
7.6212125	293819699
7.651482	39027254
7.66357	279236936
7.7961426	49365463
7.813137	614576604
7.848714	742186509
7.870887	668706507
7.878168	817082783
7.8985314	213375935
7.9722457	624336885
8.007305	483855830
8.030208	903393982
8.037904	965651842
8.072479	990144836
8.099931	23343947
8.19227	833586112
8.205688	362465204
8.2227545	939575042
8.234685	16996578
8.239763	868028376
8.26401	697549463
8.324392	261840030
8.399165	293862508
8.452967	369510464
8.535793	904980785
8.62736	954573084
8.687699	191337351
8.703964	374830846
8.7127905	619193941
8.7337475	711342127
8.808134	976312020
8.8537245	108053410
8.876713	531273376
8.916381	143436286
8.958738	475956296
8.973301	449818879
8.995431	318972281
9.015115	874746875
9.032767	769027465
9.040792	506155529
9.050992	399408628
9.052251	42259891
9.137595	529475310
9.155276	566125401
9.299973	728467695
9.350312	364394164
9.360512	4211640
9.4545965	60542030
9.523905	775255971
9.531014	786158659
9.587605	597599090
9.730814	434146481
9.740155	499044468
9.756105	486632938
9.845713	860829447
9.923718	245712151
10.05019	565882321
10.076955	121927773
10.095895	426210221
10.110958	643694688
10.143359	871485308
10.214627	553867893
10.338295	422645262
10.368751	175381132
10.444468	144882997
10.546263	62081019
10.578177	43872563
10.646828	86396799
10.6589155	191602155
10.664509	462992349
10.70977	502416224
10.8660965	978066932
10.943144	472853411
10.945418	208289968
10.981496	875850525
10.990766	202430869
11.0414915	806960383
11.059473	776970042
11.066268	901662803
11.116007	244329956
11.135304	704883709
11.243365	661187980
11.25501	222217545
11.277283	428519857
11.28578	482257331
11.329368	871003544
11.495779	398865608
11.683662	791552789
11.729424	220601432
11.744674	834105126
11.768649	839753812
11.972597	812428391
12.166031	311067769
12.278641	946071167
12.32313	3782012
12.5151615	680123357
12.666195	657917611
12.735174	694365278
12.78909	825845580
12.893017	855981908
13.170236	178069859
13.4450655	982095263
13.594969	496129687
13.861115	85254746
13.909696	156426124
14.22046	102732050
14.252332	393009742
14.254091	51662256
14.2799835	798075029
14.281815	790177511
14.352124	930080306
14.371708	321847800
14.404896	203456734
14.500111	169097817
14.709523	247132416
14.885247	306241284
14.990862	250493611
15.182765	800869657
15.235122	775199381
15.303801	264677595
15.3939085	775373320
15.476606	80767262
15.545257	355105594
15.546573	441584281
16.062145	465436785
16.233149	175494985
16.26648	319484670
16.308279	264367036
16.332369	149723569
16.614695	977332534
16.706047	83161176
16.822262	614510919
16.857595	19554520
16.885176	980194070
16.895218	765149852
16.899195	316455256
16.978617	695473863
17.037325	252143358
17.364254	892674384
17.373009	900289251
17.563095	101194141
17.619944	696162560
17.676105	678450142
17.754984	361910962
17.844648	251314570
18.017426	278061018
18.260069	905385096
18.316145	709430098
18.3677	27037743
18.443317	93551397
18.49865	520856806
18.590345	624798441
18.71314	318027176
18.902025	443893922
18.95936	707305905
19.130878	391621296
19.525242	750620558
19.873657	834832240
20.192862	699703937
20.416765	45019670
20.418568	43235266
20.551348	182362739
20.703669	544637347
20.782776	534830963
21.067104	121342750
21.211386	687768463
21.284885	385897999
21.52155	142462825
21.692953	420857508
21.705256	803624501
21.727085	148232485
21.80419	48712695
21.828165	811557131
21.847506	251204293
22.129202	696739396
22.152548	405600736
22.31657	932775865
22.401943	334101649
22.609224	207521127
22.659578	910320768
22.763748	168877417
23.052654	715883261
23.225231	795218645
23.678217	476962466
23.815374	664479113
23.89471	794204056
23.941116	194556083
24.04646	272901451
24.14462	601709024
24.317799	692126681
24.551687	654903164
24.687243	71604234
24.801283	658403279
24.833298	320859236
24.930801	178665260
25.095139	22223853
25.23942	604433929
25.25321	180459478
25.476599	687504851
25.484753	798179328
25.523119	354313378
25.588036	338052666
25.766277	632722180
25.830364	264846011
26.052523	307854058
26.28993	955003372
26.368637	776336156
26.45976	657700003
26.543016	411726746
26.616287	848322068
26.953516	455631059
27.316523	534540876
27.54177	89147281
27.618446	324576944
27.635584	496870242
27.89133	548805527
28.07518	234012977
28.1209	604980497
28.249245	293143406
28.35433	194751928
28.442192	8366670
28.621635	845825713
28.679228	111093516
28.932486	370056147
28.958607	468370379
29.146461	563108534
29.353342	497740209
29.599934	947432354
29.635096	812520355
29.653063	814795775
30.032635	818373921
30.376673	232239766
30.519638	133402064
30.53214	892540790
30.847998	190405787
31.097136	79358195
31.14028	52214639
31.559649	785960361
32.430733	205079359
32.485664	806183375
32.58906	144643751
32.61727	748493567
32.650574	243198083
32.830475	78483408
33.126648	377090124
33.2293	732161952
33.707264	721082673
35.01458	89854451
35.85612	698037220
35.938004	23646472
36.25844	464244277
36.36441	935328738
36.39548	905989336
36.68433	497550082
36.803806	48140724
37.120636	784972773
37.29407	431107279
37.40113	455294771
37.552593	371602755
38.415134	346282195
38.665817	473402343
38.894814	449569650
39.24283	684142048
39.320248	382527937
39.875916	647498503
40.879963	808337250
40.97495	943840196
41.214703	931846523
42.09378	827301748
42.853153	573956065
43.855656	702881360
43.942574	67050363
44.135235	998806317
44.233826	175654153
44.9108	178618581
45.23324	466030502
45.686882	626224458
46.296795	346850055
47.37483	605560156
48.346947	915296038
48.823135	116319544
49.280098	612640488
49.82272	114293965
50.107735	520311745
50.870598	437038601
50.927303	643879141
50.94573	427922609
51.061886	657144257
51.25575	10640549
51.25615	660804649
52.020958	774343901
52.51935	747183985
52.79149	33688675
53.142708	261953206
53.810356	953475557
54.20575	702017759
54.87643	804048392
55.016735	464431260
56.263855	468157933
57.16628	67225353
58.89245	144085982
59.63025	627522520
61.215427	875420884
61.562355	715659035
62.43943	78443005
62.910583	191527972
63.280685	292909618
63.39959	445460773
64.73163	85901831
64.926636	820429311
66.24797	123003243
67.57617	227570104
67.928764	651137173
68.244736	104321161
68.43219	474056788
69.01103	239487660
69.31876	194291088
69.59148	738085915
70.08872	470107241
70.24585	440557803
72.487976	999003738
72.65403	566666330
74.539215	681374495
76.56585	131527746
77.1844	218594628
79.398605	131131616
79.70096	378658908
79.76161	620350186
80.453636	736901786
82.07755	143591271
83.05591	440657297
83.523285	249857362
86.26712	42445471
86.26712	943172352
87.01911	939001581
88.9796	915400763
90.13156	435344040
90.24097	235806266
90.59379	811846017
91.522705	464245693
91.62181	676900863
92.477486	668608802
92.50964	174607602
93.16047	302887215
93.26003	200591606
94.23209	676284889
94.555046	303588301
99.24907	66958882
99.4807	625480492
99.52991	848304292
99.85526	462428518
99.85721	817511488
101.1758	157885084
103.008224	672875930
103.28174	934564679
104.43221	705133414
106.54445	782537358
108.23131	661364307
110.21228	395600771
112.043106	710614912
116.94953	227030636
118.79386	867383602
119.68364	980914257
119.70367	900718136
120.28926	476081475
120.30677	765973466
121.5797	425284353
121.59217	645051677
124.3185	242281546
128.80396	901316321
129.19809	165114541
129.4272	406231880
131.494	391925558
131.77187	463228007
133.41158	221822743
133.45483	770240086
141.5893	842549114
143.25807	195432063
143.779	514324107
144.49884	736870994
145.0786	937011877
145.56245	920368977
152.1348	104366556
152.32133	343205211
154.51402	205953406
154.7159	160265221
155.12056	988849785
155.29794	218830049
155.58519	364425615
159.39401	112238983
160.05823	125571959
160.80324	505624265
160.98886	662748629
161.09392	868571178
161.90073	597216856
164.61778	871779294
170.06517	563438717
174.71765	88573592
175.30405	790450877
176.39215	214759945
177.63773	589699204
183.11578	406875084
189.33405	167998048
191.73044	285114039
194.42232	482474780
196.8931	514264392
205.15916	554922356
211.76355	897606273
220.2823	272012781
231.63095	100355096
238.9419	976259086
250.5684	546448718
264.70804	413410820
268.36465	39376855
273.9077	92049824
287.6397	292427339
311.2713	829153323
330.44748	846372021
333.65686	119475859
340.1635	853665610
350.5662	594698683
366.11185	611649122
368.27844	704773223
410.2302	853442746
412.03973	860152417
430.3535	805952599
434.17856	822332971
447.94443	794151350
454.5962	889963158
463.5029	860532909
469.52112	827820600
472.8184	466006313
481.56076	926502018
513.7784	874103951
514.0228	456336138
524.14307	441183723
547.4991	563681345
576.66504	478772637
580.2237	282867806
626.6583	156028166
656.944	352426142
713.1729	795982568
824.70886	455149519
907.9065	394057053
1044.9178	980763561
1296.871	433126475
1487.1359	69289673
2407.628	866661838
4442.486	523735666
