0.1500652	985368194
0.1500652	431839107
0.1500652	574606441
0.1500652	272038187
0.1500652	871343928
0.1500652	248500596
0.1500652	606371672
0.1500652	749007038
0.1500652	494400300
0.1500652	760121496
0.1500652	743202885
0.1500652	5998714
0.1500652	805547418
0.1500652	954747658
0.1500652	229356479
0.1500652	532923363
0.1500652	923578620
0.1500652	345358023
0.15012175	457712492
0.15012175	258317833
0.15012175	246940440
0.15018858	819298919
0.15018858	257097847
0.15018858	577101669
0.15028112	948730661
0.15029207	701465951
0.15031464	892507946
0.15044115	358252885
0.15044115	395552812
0.1504521	386463048
0.15050195	926209973
0.15051827	582224717
0.15052252	249964073
0.15052252	331992559
0.15052252	927193944
0.15110858	101801648
0.15151784	3044310
0.15158512	767369014
0.15164033	174621574
0.15166692	136907346
0.15193179	815085882
0.15193179	283016622
0.15200354	327856933
0.15249997	832062671
0.15310973	554466762
0.15310973	827946745
0.15310973	917270826
0.15310973	91486189
0.15310973	322875235
0.15310973	527280879
0.15310973	53675448
0.15310973	693943054
0.15310973	620944541
0.15310973	841374454
0.15310973	150969810
0.15310973	357603682
0.15310973	282377486
0.15310973	47773056
0.15310973	160602080
0.15310973	466891745
0.15310973	782551115
0.15310973	817938937
0.15310973	858949906
0.15310973	512084752
0.15310973	508485275
0.15310973	373006324
0.15310973	137597699
0.15310973	951149327
0.15310973	550240082
0.15310973	707143657
0.15310973	178822682
0.15310973	30924775
0.15310973	328136380
0.15310973	477123489
0.15310973	826725684
0.15310973	820294446
0.15310973	570080495
0.15310973	527096259
0.15310973	867424526
0.15310973	892331786
0.15310973	913371222
0.15310973	921353724
0.15310973	29248174
0.15310973	337600286
0.15310973	499548439
0.15310973	316491590
0.15310973	846758043
0.15310973	574264541
0.15310973	51329378
0.15310973	795354864
0.15310973	603110196
0.15310973	935550078
0.15310973	691089330
0.15310973	663035954
0.15310973	598518158
0.15310973	709038190
0.15310973	819270947
0.15310973	765264298
0.15310973	188218770
0.15310973	817420684
0.15310973	670848589
0.15310973	860691920
0.15310973	549568417
0.15310973	265847103
0.15310973	644728130
0.15310973	562532867
0.15310973	736455792
0.15310973	448100663
0.15310973	305260349
0.15310973	127002164
0.15310973	393437152
0.15310973	955392665
0.15310973	238786386
0.15310973	281472767
0.15310973	17141445
0.15310973	464247223
0.15310973	83365240
0.15310973	543289696
0.15310973	880888730
0.15310973	524012030
0.15310973	669094535
0.15398435	659423991
0.15398435	21948176
0.15398435	253691951
0.15398435	462669335
0.15398435	977077929
0.15398435	614374454
0.15398435	187867653
0.15398435	741021804
0.15398435	315366131
0.15398435	326391559
0.15398435	338277893
0.15398435	805908869
0.15398435	573014428
0.15398435	533205364
0.15398435	939073756
0.15398435	186737029
0.15398435	810658615
0.15398435	737373392
0.15398435	180669494
0.15398435	449464091
0.15398435	275139693
0.15398435	542959428
0.15398435	602861954
0.15398435	109667992
0.15398435	513175843
0.15398435	460478033
0.15398435	228614713
0.15398435	137661471
0.15398435	832484092
0.15398435	917096525
0.15398435	447561985
0.15398435	375636345
0.15398435	975961850
0.15411288	549849743
0.15411288	148213807
0.15411288	589582187
0.15411288	784005742
0.15411288	789432993
0.15411288	311827086
0.15411288	265482717
0.15481092	607729178
0.15482076	307571462
0.15499018	56473010
0.15503354	831260186
0.1551652	260723084
0.15524812	393674313
0.15556149	267566347
0.15584111	24830644
0.15584111	324777861
0.15584111	145113514
0.15584111	949373962
0.15799537	752080110
0.161324	440575150
0.16270891	962172470
0.16494408	36554636
0.1677727	243310638
0.16798168	721925416
0.16862877	78414564
0.17188117	715099907
0.17344825	372495291
0.17504461	41611516
0.1769378	957485527
0.18010147	865054824
0.18184088	331607235
0.18411182	411794686
0.18928222	517286351
0.19213565	888398532
0.1928471	340511631
0.1931189	754751072
0.19337505	732682640
0.19462496	547657345
0.19861363	444278137
0.20557597	863986926
0.21317042	746454535
0.21324888	820011494
0.21405354	328856820
0.21481708	134088349
0.21591097	961186364
0.21591097	334482558
0.21591097	389033464
0.21664768	311256731
0.21799996	463272139
0.21799996	337375022
0.21799996	837888860
0.22095978	559247731
0.22102192	552314181
0.22129193	659783705
0.22321776	406258132
0.22968747	980097403
0.23000464	77278758
0.2324687	926749067
0.23407355	118409312
0.23587778	127826338
0.24479344	781175234
0.26100388	717877029
0.2653571	370458232
0.26788867	459808860
0.27756518	677103354
0.27756518	191305469
0.27756518	521529029
0.27756518	874672620
0.27756518	914545739
0.27756518	988793863
0.27756518	312681051
0.27756518	505218505
0.277592	471979791
0.277592	701132750
0.27767247	667112276
0.27771002	848230151
0.27771002	107802932
0.27775115	186992290
0.27794114	115464212
0.27857012	724893603
0.2794615	997893774
0.2801562	302275636
0.28148434	377958079
0.28148434	822340325
0.28148434	332182773
0.28148434	570229876
0.28189874	762652363
0.28281248	207065496
0.28314775	970458165
0.28468376	479881905
0.2865631	919068581
0.28683937	344711673
0.28851485	511907840
0.29003298	901339547
0.29399997	330036093
0.29447204	930169093
0.2966634	16234830
0.29677337	58880678
0.29735363	985680485
0.3025446	364335510
0.30286288	174384887
0.3035312	955415821
0.30571273	806726669
0.30760413	7528091
0.3090208	947741781
0.3095532	816124050
0.31016564	660285564
0.31511834	255214989
0.31536198	137925854
0.3169409	112829674
0.31999996	398439040
0.31999996	243275852
0.31999996	379989683
0.31999996	345498987
0.31999996	432412078
0.31999996	869025539
0.31999996	961973804
0.31999996	400728455
0.31999996	374136044
0.31999996	310564478
0.31999996	35592586
0.31999996	195210373
0.31999996	19997074
0.31999996	372585091
0.31999996	752725982
0.31999996	686871057
0.31999996	86181496
0.31999996	560116939
0.31999996	903791091
0.31999996	816225254
0.31999996	821843115
0.31999996	452426904
0.31999996	347825647
0.31999996	514025774
0.31999996	864211290
0.31999996	806444347
0.31999996	810641954
0.31999996	876528397
0.31999996	317376084
0.31999996	31923959
0.31999996	150671690
0.31999996	313655432
0.31999996	428923998
0.31999996	327876460
0.31999996	639312391
0.31999996	526299521
0.31999996	708435651
0.31999996	685868573
0.31999996	442946915
0.31999996	30845471
0.31999996	391329161
0.31999996	333881808
0.31999996	715616412
0.31999996	87509945
0.31999996	918169642
0.31999996	875642776
0.31999996	87630456
0.31999996	705968411
0.31999996	496840905
0.31999996	494589193
0.31999996	169362335
0.31999996	801471322
0.31999996	903476387
0.31999996	138270455
0.31999996	398478552
0.31999996	657483035
0.31999996	62616661
0.31999996	485364859
0.31999996	113663858
0.31999996	309036796
0.3204935	48617743
0.324933	836571186
0.3281892	737775736
0.329765	834799381
0.3407558	551290328
0.34143394	994987954
0.34186265	36478589
0.34193462	78099232
0.34226185	794686009
0.34251398	523934669
0.34479162	266752399
0.34479162	235411357
0.35587496	107244088
0.35718745	859486667
0.36402127	182960774
0.36415583	488232292
0.3699485	530867227
0.3700844	382157528
0.37099993	479656227
0.37743858	754971799
0.37914222	700814986
0.37974527	958064276
0.385069	906349539
0.38716114	645139792
0.39130604	286815016
0.3913673	240667038
0.39160824	214851203
0.39223632	751012783
0.3924755	294873111
0.40516993	622684730
0.40527007	432784438
0.40530136	444694148
0.4053541	175568276
0.4053863	266108927
0.4053863	446405748
0.40542832	686638231
0.40581724	69071051
0.40735862	899856353
0.40777168	284417464
0.41071138	343121397
0.41106945	819676968
0.41568553	439736685
0.4168009	664615959
0.41774994	323682532
0.41774994	12471922
0.41774994	540564398
0.41774994	702708651
0.41774994	331477425
0.4186458	6271738
0.4191666	233464542
0.4191666	698649657
0.42004323	445104042
0.4223401	684486049
0.4230424	201870597
0.42314073	716965559
0.4232449	438153841
0.4236906	989234322
0.42640185	808611195
0.42647517	974288229
0.43722323	503632311
0.43784058	717186718
0.44106236	721303876
0.44112495	440638333
0.44246024	394985337
0.4463092	93396265
0.44870442	287176060
0.45000395	651435702
0.48334426	715368972
0.4835548	221874617
0.4976087	968895612
0.5049949	192429951
0.50524884	142636256
0.51397586	190251092
0.51830316	544951092
0.5220243	698746674
0.5266967	668400789
0.5277624	809268576
0.5303749	500516782
0.5328586	871172448
0.5341139	342058554
0.5343213	313373594
0.53437495	723692921
0.53568745	787684077
0.536299	519950361
0.5395668	139337617
0.5405798	761433620
0.5466666	36832327
0.5466666	125962967
0.5481436	752490414
0.5490216	859280494
0.55495286	31565277
0.55561805	620281199
0.5647733	21731933
0.5654081	38966956
0.5705973	187035985
0.57177836	428991613
0.5751007	530190565
0.5765518	406608519
0.57815933	972702961
0.5935454	229117948
0.59624994	176849420
0.59624994	31665123
0.59624994	145643894
0.59624994	368006388
0.59624994	357357850
0.59624994	361775289
0.59624994	43696984
0.59624994	699228121
0.59624994	429655839
0.59624994	106909207
0.59624994	730531799
0.59624994	573970695
0.59624994	660727723
0.59624994	522676759
0.59624994	998585170
0.59624994	55930193
0.59624994	633567405
0.59624994	680925567
0.59624994	959701915
0.59624994	128284882
0.59624994	525355729
0.59624994	247893621
0.59624994	861260517
0.59624994	694434949
0.59624994	735030601
0.59624994	743689720
0.59624994	777678015
0.59624994	593809919
0.59624994	417759780
0.59624994	765019161
0.59624994	605041276
0.59624994	909289849
0.59624994	644570875
0.59624994	882137453
0.59624994	820859744
0.59624994	627637288
0.59624994	873613124
0.59624994	775979073
0.59624994	410246186
0.59624994	320005820
0.59624994	269056566
0.59624994	193250746
0.59624994	374500888
0.59624994	68322934
0.59624994	338595132
0.59624994	309992927
0.59624994	502015068
0.59624994	224440117
0.59624994	627084666
0.59624994	812066761
0.5973586	669171178
0.60958767	222891913
0.6137183	528610112
0.6153723	125858384
0.6178131	806000382
0.6181171	355589269
0.6245097	889129657
0.62514716	885226117
0.62986696	682493397
0.6317284	206941877
0.6391206	901856152
0.640113	441966481
0.6425556	615977267
0.64450556	597827422
0.64450556	185092592
0.64450556	577802186
0.64450556	966641017
0.64628744	126824869
0.6481632	779611193
0.6602108	449755536
0.66044414	671832597
0.6612819	124479969
0.66532487	202167217
0.6656181	4430901
0.6662529	33671218
0.66713715	144184140
0.6706249	992445510
0.67086005	412680346
0.6718507	465675106
0.67482793	45150968
0.6760376	862848437
0.67886555	283125640
0.6843757	451844987
0.68690145	43244072
0.6870597	785016812
0.6887638	352539724
0.6894004	793365779
0.6906029	223971287
0.6951975	406086908
0.6958502	328640025
0.6961488	637123029
0.6991019	755157697
0.69939876	711487631
0.70172155	379068772
0.70368314	919580933
0.70633763	813996642
0.7083484	717695252
0.7104253	688304925
0.71225905	991544912
0.7148742	761494540
0.71727836	67826783
0.7173749	858991990
0.7173749	449675334
0.72166467	812931616
0.7242682	104964058
0.7244622	589902077
0.7271891	824086710
0.7280805	110075107
0.7312589	127848471
0.7344561	635504845
0.7405331	278116653
0.7431322	776942802
0.7431322	983051290
0.7431322	37034200
0.7431322	163345071
0.7431322	123395487
0.7461908	717733917
0.7484376	160985057
0.7484376	924460045
0.7484376	545876472
0.7484376	139384062
0.74999684	386390059
0.75265133	859404437
0.75311625	981549814
0.7588705	573607211
0.775409	362508623
0.77590966	548125338
0.77912116	446254927
0.7811677	166490556
0.79183125	952835644
0.8016544	620854259
0.8104315	904167959
0.8108401	779230562
0.8150261	693789499
0.81937486	272108393
0.8229002	266378359
0.8255833	218602628
0.832245	834700812
0.8365991	808348404
0.8393716	633410899
0.84387505	781544597
0.8461925	770871776
0.85129225	792958690
0.85294986	26964803
0.86579406	226493868
0.8711585	886536027
0.87280625	755827210
0.8746507	952353813
0.8839669	380992947
0.89026207	231589264
0.89129025	421350037
0.89374983	325209158
0.8950346	644890175
0.89546824	319773297
0.9102186	609310352
0.9128749	612406819
0.915355	903559437
0.9191128	20647348
0.91999614	756673360
0.924952	250277673
0.9265908	655622665
0.9283557	24477293
0.9285542	847749509
0.9359964	837065727
0.94049984	274374692
0.94049984	3311814
0.9417989	896612372
0.94229156	728001254
0.94764704	984267441
0.9479358	80275292
0.9571832	421311050
0.97963953	729705941
0.99065447	147864997
0.99147344	151276696
0.9922316	984350698
0.9926402	598937321
0.9994199	670769330
1.0016222	757762066
1.0016222	3874681
1.0022767	529092924
1.0066755	995787962
1.009043	926846865
1.0096349	805174926
1.0113819	290450616
1.0148902	138133009
1.017998	202350681
1.0222234	975696050
1.0280795	599367610
1.0381038	679680872
1.038406	158424682
1.0426475	219705398
1.0438563	840234672
1.0443748	863022272
1.0446591	12263519
1.046669	526148838
1.046669	427765877
1.046669	352731183
1.0470535	77366601
1.0470535	167310752
1.0482748	405570234
1.0509999	283882697
1.0566665	434907366
1.0566665	263367740
1.0566665	866148626
1.0628427	267747371
1.0654945	189578520
1.0666354	473884706
1.0731353	387903847
1.083612	659817952
1.0952742	734502073
1.0956247	35728473
1.0962505	141216254
1.0997088	910696719
1.1020584	129373783
1.1043365	600360227
1.1050053	834722941
1.105429	455299313
1.1062498	877733862
1.1062498	896571459
1.1062498	906250996
1.1062498	124478330
1.1062498	306572536
1.1062498	968500626
1.1062498	408032228
1.1062498	678252048
1.1062498	275657954
1.1062498	549316711
1.1062498	937832023
1.1062498	623315365
1.1062498	773416394
1.1062498	296300477
1.1062498	172865614
1.1062498	335971539
1.1062498	142692081
1.1062498	27435055
1.1062498	829786063
1.1062498	577987534
1.1062498	98094415
1.1064	859073352
1.1069132	316931040
1.1096115	660482597
1.1123867	602157535
1.1168749	772082052
1.1187936	592455929
1.127543	679878987
1.1342235	550725713
1.1388619	194796124
1.1390908	932179096
1.1404498	588188268
1.142921	936169054
1.1552198	949253116
1.157033	973182750
1.157033	830946880
1.1626424	380263846
1.166553	291156212
1.1671664	495313040
1.169668	507406481
1.1701293	544676792
1.1712594	833207573
1.1719693	530823109
1.1719693	756014547
1.1734141	227431954
1.1861904	161717310
1.1894376	881375122
1.1897649	673572198
1.1902333	109764101
1.1905159	748152143
1.190827	366181953
1.192701	136302673
1.192701	45650227
1.192701	586120660
1.1944373	737446672
1.1953331	576060634
1.1965902	252027003
1.2007762	145679211
1.2023355	159198039
1.2058277	982730884
1.2125422	54207710
1.2369109	823606719
1.2375922	81579066
1.249317	618082576
1.253571	567297357
1.253766	811638652
1.2558026	347475148
1.2702436	898075262
1.2713469	340828872
1.2738664	317907432
1.27625	717577272
1.2884719	2500509
1.2884719	317801378
1.2928475	899688210
1.2937094	357615985
1.2979902	545940528
1.3033707	144413710
1.3062156	152402646
1.3071097	519681457
1.3071097	617322081
1.3142927	537440209
1.3236232	73459252
1.3239826	219762409
1.3266916	92788372
1.3541199	442466063
1.3564194	905861726
1.3700182	407191068
1.3702722	635784793
1.3706352	864072873
1.3719226	840274619
1.3719226	459523215
1.3786854	986464258
1.3867499	455308832
1.3867499	82472565
1.4045204	921623611
1.4058436	812696550
1.425	24100765
1.425	179305005
1.4306183	303151274
1.4334811	127402313
1.4391495	14244706
1.4520116	351250547
1.4577461	483025260
1.4694781	176858206
1.4700092	445181447
1.4703722	199651137
1.4757009	217493759
1.4814515	217488675
1.4839066	331170397
1.495331	442544301
1.4967473	194812569
1.4985801	139927963
1.5015323	97283215
1.5050639	663325131
1.5080787	959347371
1.5164543	369782653
1.5251107	23379251
1.5287639	616738703
1.5316911	484080316
1.5347023	38052966
1.5347023	375447963
1.5524997	363526448
1.5600277	340270031
1.5600277	780854481
1.5600277	657440516
1.5600277	242241869
1.5600277	510113099
1.5600277	176541956
1.5750642	137326447
1.5753646	295905291
1.576155	356363643
1.604581	987251841
1.6098632	373770099
1.6139812	784777294
1.6250588	804324074
1.6307307	889466701
1.6318823	407218149
1.6553588	74773736
1.6613669	408034849
1.6640116	452468997
1.6701199	886833944
1.6814495	84227084
1.6831375	608026022
1.6856946	95538520
1.687295	112534264
1.6891493	730577334
1.6905941	988841651
1.6914184	594705568
1.6921426	600439812
1.6949232	354277412
1.7017521	393162604
1.7092193	375272482
1.7118747	938049402
1.7122735	790337262
1.7123808	599855143
1.7183228	633458405
1.7224998	157050667
1.7382426	20166051
1.7443688	487236897
1.7470993	686669071
1.7473925	558251942
1.7485083	662549691
1.754672	896743995
1.7724372	813740297
1.7725427	612832838
1.7755557	298739879
1.7775477	396821480
1.7846574	776774282
1.7879118	26152152
1.7930312	66911612
1.8058057	372736893
1.81529	937484810
1.8157763	770834147
1.8196226	34226717
1.8219883	474500572
1.8329997	153424062
1.8329997	161126724
1.840492	341377698
1.8504126	144284482
1.8760849	610781810
1.8786634	462499344
1.8809791	654896519
1.882946	544277739
1.8944205	489124969
1.9065763	812599121
1.9120677	371504375
1.9208331	948554295
1.9218059	519863629
1.9261206	815584959
1.9399036	787770740
1.96171	336888599
1.9711245	390736882
1.9717003	773445654
1.9812078	844190790
1.9869996	8411279
2.001601	566122656
2.0062823	484368722
2.0125623	365650577
2.025251	685832509
2.0256658	474693531
2.0272536	34601362
2.0407648	271990678
2.0532568	41297610
2.057187	250007417
2.061915	456556911
2.0622296	858151641
2.074675	671398533
2.0964403	451014151
2.0964582	956604776
2.1063108	7144414
2.1107955	365599113
2.1110852	751865200
2.1168394	381696313
2.117129	162944485
2.1195002	768363907
2.1333332	375977549
2.1333332	480721519
2.1435828	94484140
2.154841	482673331
2.1610208	956765162
2.163989	703405113
2.1644468	794035917
2.1662207	339623624
2.1911187	144458969
2.1989365	338302137
2.202384	189558134
2.2048874	621409972
2.2064395	376575874
2.2084994	596803176
2.2084994	414878871
2.2191424	24232477
2.2314663	334834873
2.2347064	34136290
2.262065	282278330
2.2695537	811197534
2.271964	584259753
2.2876782	464926424
2.2963471	333911168
2.3034139	135716920
2.309	513538361
2.3131557	844903789
2.327096	295524813
2.337832	333025015
2.350027	584617473
2.3540254	920126364
2.3783655	822615212
2.3815126	62628126
2.4048443	978440587
2.4067612	328750766
2.411303	788266823
2.4126334	309631615
2.4469872	721415261
2.4508567	90986442
2.4566073	508140011
2.4740381	818320391
2.4849815	482662316
2.4873705	353835597
2.4935718	362817677
2.498557	478195364
2.5006385	308833829
2.5195785	241150504
2.5402207	203070363
2.5500913	136919503
2.5534744	383485014
2.594573	64634685
2.6158376	683935065
2.6172395	852290102
2.6314445	980617248
2.6377888	76377155
2.6388116	212994903
2.6390262	205278391
2.6484747	426205347
2.651157	972647361
2.6617498	454036030
2.6721425	152330892
2.6770563	820488419
2.6847239	263711362
2.6863546	126387856
2.6890798	328005964
2.6896734	706795470
2.691297	887473392
2.691297	693237926
2.7381606	816806139
2.7439828	780521658
2.7448912	857134618
2.7701826	633920195
2.772078	618401444
2.7722497	318251855
2.7775426	398398836
2.8086705	478595344
2.8196568	508298751
2.8326817	733001518
2.8501482	493436489
2.8689308	497447731
2.8754468	267146025
2.8866763	667397818
2.899229	697434961
2.9128332	996703766
2.9280896	426190732
2.932846	287571899
2.9333897	727081086
2.955906	364692444
2.9621143	886725440
2.9676504	605702282
2.98207	893808468
2.9834719	542009359
2.9890223	876384351
2.991311	364870184
2.9930348	731207103
3.0104942	900722999
3.0132194	221585643
3.023519	13646509
3.0287404	826274830
3.051414	323173556
3.051414	305138248
3.051414	456900837
3.0520148	282144437
3.0527372	970749456
3.0623145	177974974
3.0656047	443500941
3.1025476	316268844
3.1111164	580433614
3.1131477	823220206
3.1301708	898342517
3.136558	83424230
3.1544824	893329889
3.159017	567831415
3.1642098	595453244
3.1888933	727415743
3.236937	479847421
3.2671208	920649867
3.2719774	642670260
3.2726283	432541109
3.2748384	340323918
3.2780643	684501934
3.2971115	90673402
3.297326	58008132
3.333139	705038453
3.34768	256305199
3.3557196	507454121
3.37604	339706439
3.3777995	781302151
3.382277	321436096
3.4115524	59097761
3.4282393	83000534
3.4303565	869566498
3.4523506	146876105
3.461141	885215834
3.4627218	631677684
3.4643955	316117225
3.4655256	15960563
3.4677358	653374755
3.479838	406040522
3.5019321	106136763
3.5117311	173560255
3.5176606	901508303
3.5438318	623717891
3.5459704	809264489
3.5494108	337230195
3.5495467	709626252
3.5512133	690659803
3.5770054	731614838
3.5876198	166664769
3.5992856	509311560
3.6351414	901434193
3.646657	664568615
3.6601324	949353482
3.6608763	883915279
3.6961312	828364415
3.700058	49476573
3.707797	951359786
3.7393756	235143466
3.7691016	31554523
3.7692733	957661604
3.7700315	308257323
3.774931	45099302
3.8203068	697764309
3.8739867	746881539
3.876068	704752048
3.8813753	99814180
3.9010234	983091860
3.9283319	141267342
3.9665623	350825715
3.9691658	348802840
3.9723272	198978178
3.9729137	151044505
3.9756103	963554530
3.9794583	989117883
3.9849586	464634745
3.9849586	55025339
4.0161443	699218252
4.0188193	166550948
4.022324	774141643
4.051857	714824424
4.068837	161976988
4.073186	133947379
4.0991497	23050534
4.100952	272353077
4.103205	143082601
4.106145	570472683
4.1241765	405172568
4.191017	267519485
4.203191	77290816
4.206302	245876491
4.219191	84237512
4.2383027	580914883
4.2754316	380307799
4.284866	434324697
4.303913	181715407
4.308212	921737392
4.3580794	63259172
4.3704605	554887653
4.4142485	672529758
4.423132	356282679
4.4360566	309020766
4.4597387	740433785
4.515636	884617933
4.5493245	5788466
4.5495677	33140630
4.5636725	787621676
4.5670986	239765390
4.5772123	335186100
4.6460056	962863656
4.686961	349265896
4.6967673	309223712
4.6999	599571893
4.741621	512668379
4.823239	142166747
4.8807025	904184490
4.9331164	7321641
4.9331164	248835476
4.9331164	3668531
4.940741	917646077
4.962771	634517455
4.96423	37950620
4.9791503	525066970
5.0031757	360147477
5.009012	200678486
5.080867	556586750
5.0821757	385428363
5.084443	670495638
5.103047	486295864
5.1057863	164480487
5.131285	350027050
5.14004	561188324
5.146463	140052477
5.1594663	855087578
5.168929	969446914
5.1926756	325392128
5.2197695	846899990
5.2230883	132671584
5.2854514	728536393
5.2924323	784920227
5.3881764	646369721
5.389979	525015036
5.4256988	680030657
5.4899287	894869802
5.502739	931357608
5.50442	609794998
5.5122232	277977985
5.5145836	90393481
5.530634	649447982
5.5324507	678982934
5.5637717	449139839
5.595937	681877441
5.656941	507109014
5.6653595	938207054
5.6862164	772397305
5.6873107	515220624
5.6911874	639623946
5.6972027	279835670
5.7117367	440488352
5.781181	307665548
5.795901	526846026
5.799899	445954630
5.822873	59506730
5.834453	444779754
5.842421	51226462
5.946498	477477244
6.023102	263463732
6.0665894	761757093
6.0705805	696161111
6.070895	881415657
6.1041546	287814812
6.1279297	991277039
6.1473703	866200851
6.1798716	298294370
6.1885834	379911258
6.1988688	798829489
6.2003493	883511060
6.2156487	710399125
6.3103127	688296821
6.345439	752500366
6.3576984	832446300
6.3712883	358320764
6.371703	483365327
6.3754725	147440004
6.3923883	264892858
6.4540005	316490274
6.471381	600629266
6.4909577	189212599
6.504662	315400355
6.560223	176437362
6.5726185	876219022
6.6784835	553844999
6.7404175	593792659
6.8483853	868193159
6.9224215	20365787
6.9411683	445622468
6.9411683	722288857
6.957805	676959858
6.967089	256998984
7.00567	908075802
7.023387	83947346
7.0236874	987055803
7.038665	203971188
7.039044	577947042
7.048278	733973013
7.0926166	792287922
7.117586	427033830
7.1716666	954831363
7.204125	846519285
7.226341	784854109
7.277403	374383199
7.3985386	347780194
7.412615	59505063
7.425182	129500496
7.451167	827948981
7.4737835	449768743
7.4916506	909476519
7.505591	165951294
7.508459	87256425
7.526834	176543687
7.560036	930094773
7.5608444	929953917
7.605176	893733415
7.618265	211410173
7.7300596	741943053
7.789998	47499565
7.821491	450385715
7.8370976	992038487
7.8792405	988413754
7.9211473	299953078
7.9487634	743099852
8.010451	24249824
8.042995	454141830
8.1068535	507167983
8.151614	344402088
8.29714	38362509
8.325278	522682183
8.327066	87822009
8.335406	610711654
8.347322	974281677
8.359196	282059082
8.493478	85652236
8.49827	892753862
8.526437	61423861
8.547108	101174890
8.625471	765863066
8.628132	195133080
8.634469	472957285
8.703277	150474440
8.708183	940341798
8.754231	268511111
8.826143	532713645
8.9629	490204958
8.985517	46311261
9.002368	254274335
9.058916	923077943
9.101388	51061669
9.121444	645533371
9.153931	257315789
9.230821	192925693
9.247643	259668790
9.277627	368238757
9.291546	645617063
9.372041	610664289
9.421479	612821920
9.427945	262448732
9.514749	903230062
9.539268	745985557
9.6060295	154805614
9.820935	119615264
9.87508	832666016
9.936506	346244284
9.946277	373280019
9.946277	956743947
9.946277	158881194
10.048229	114152207
10.054552	749806911
10.093576	400678979
10.1035185	320788030
10.12881	227447658
10.1362915	719578156
10.140755	832042548
10.153629	677457694
10.186831	981006472
10.244753	277620301
10.25285	747060199
10.323231	588430306
10.496766	270829314
10.505392	935017716
10.550754	305133762
10.613453	775842448
10.642721	110566420
10.669972	660766523
10.698969	91865380
10.735704	605486971
10.75423	64784
10.882217	720399679
10.956432	771952598
11.071374	316357079
11.104276	341868573
11.127021	185894928
11.176717	590786025
11.204597	854704070
11.204597	578088619
11.31951	741291045
11.38128	344325440
11.470258	162505155
11.472218	374465403
11.677196	956985784
11.682016	664560136
11.770536	783934102
11.770536	39746550
11.808202	924120726
11.947062	748193979
11.999046	661662309
12.01328	12478646
12.113444	889395438
12.132198	246134365
12.1552725	547000486
12.182495	322169482
12.301771	240561282
12.317063	974883397
12.327263	763383446
12.475779	980623334
12.510397	429196880
12.527205	130372339
12.6074	509636344
12.618186	753875457
12.732813	225562472
12.816298	588115843
12.821605	797419433
12.826597	928580303
12.886478	161951870
13.532326	383695076
13.565471	820283426
13.7031	720191538
13.805124	742727163
13.820717	526354964
14.037196	867024863
14.222347	4672283
14.261686	54712239
14.300167	555678438
14.325487	91780063
14.456393	399721424
14.460184	850052561
14.490611	222040764
14.518635	664274274
14.77863	650674564
14.862287	439771131
14.862287	466052005
14.962952	981970739
15.049698	345964794
15.08526	106929327
15.227539	207760851
15.264761	219257805
15.288894	775965840
15.513098	832321683
15.706789	322507508
15.7917185	116866007
15.838825	801747973
15.975239	774054153
16.150263	458926378
16.160076	204136072
16.160963	878431553
16.190403	884658803
16.346186	759169542
16.595037	955783242
16.763924	428852050
16.853416	456575038
17.02688	620310406
17.156656	997628995
17.189873	247718971
17.29779	88865250
17.525642	283827527
17.629498	656082220
17.73258	29244930
17.921179	919267695
17.952192	617491665
17.962864	863270237
18.185394	808791847
18.233202	634205827
18.244274	389333281
18.298233	31424145
18.584364	283827929
18.929089	28276395
18.972662	539789276
19.000586	502335540
19.257763	623987787
19.295385	814733910
19.318073	355044040
19.333838	912311117
19.412487	765964870
19.478777	764502991
19.49723	923784889
19.891994	203617866
20.024403	848766074
20.10577	682789720
20.124596	297183897
20.318487	347161881
20.396708	298512630
20.491322	254122418
20.673397	617288258
20.77585	558263480
20.99572	684363577
21.361158	183331709
21.361158	640711104
21.427391	540248039
21.656473	809935136
21.755121	614900433
21.80579	537988160
22.014616	290249015
22.596176	846440467
22.648819	130800077
22.877472	34746393
22.939156	305657717
23.071507	28649697
23.09039	725465986
23.25527	329795410
23.624199	934616557
23.656643	818297605
23.807419	977116069
23.8673	650415300
23.898056	417612964
24.3725	662267557
24.47152	424821783
24.563559	524897016
24.600237	403028710
24.744118	604293130
24.92542	834166690
25.112503	795817579
25.208605	645137639
25.489872	678088506
25.812996	59644296
26.018875	977069310
26.085194	367035866
26.102617	905993547
26.216343	402404557
26.251762	108085878
26.370466	113591575
26.439617	702181399
26.465538	955888129
26.993425	974991104
27.349909	885080617
27.512472	924746436
27.56666	267544967
27.639616	464211621
27.860058	821292508
27.891014	699882811
28.19806	325560793
28.557575	775632966
28.81275	418786027
28.853262	712724592
28.859213	30345182
29.035337	458988264
29.997843	115238956
30.628555	557892456
30.705717	842275940
30.990904	468719483
30.999773	461344779
31.189259	668511106
31.265305	909294785
31.394194	730023186
31.660583	183545230
32.02166	435890822
32.367214	843068701
32.38003	484032081
32.468895	516607223
32.540478	390927802
32.74178	788669571
32.74178	597670105
32.775024	627198307
33.0934	42811494
33.26586	399974654
33.353123	960943300
33.391518	548592628
33.82525	72671635
34.22173	933847454
34.36009	932962381
34.512066	27612482
34.547085	952705377
34.588226	656451402
34.875816	205355072
34.88978	715813272
34.891838	28914697
35.86556	319415080
35.922665	471511392
36.105885	208227751
36.15292	753655947
36.356396	234591779
36.514954	386425580
36.802143	617744253
36.81107	618222911
37.12006	6592241
37.15399	450187532
37.214245	831871334
37.76356	620081449
38.31202	60051620
38.413128	226025891
38.635944	946203385
39.061493	797405426
39.100975	847482982
39.482864	117058600
39.49225	4838350
39.54678	925530855
39.554333	4132229
40.13661	699419543
40.15835	881795749
40.738567	631103024
40.882248	470115145
40.96825	477704336
40.97609	921099646
40.978836	977154090
41.75423	996828052
42.413124	753186092
42.432865	972949179
42.98859	463142765
42.9946	525193921
43.263878	106110
43.567947	862099751
43.993725	576662068
44.62504	109524493
45.602936	527598156
45.859856	912684377
46.090683	583403772
46.321796	30331711
47.25203	530601982
47.539448	162319249
47.906403	549903499
47.930206	488013177
48.491253	983420148
49.029182	634208053
49.794506	231557679
49.88457	504751610
50.2327	558805199
51.722263	569277858
52.885498	338363342
53.236088	177020138
53.822655	694406237
54.02247	870703282
54.52641	587339679
54.530815	527153745
56.818203	441671057
57.493233	830079429
57.759766	420457533
57.91306	78543292
58.04478	325037927
58.587574	145442515
58.606113	34630886
58.887867	908878818
59.34506	384489769
59.791435	582057703
60.08492	82222836
60.289597	782301758
60.349564	543994366
60.91044	210695055
60.94517	830161179
62.555412	130196038
62.659782	724349772
63.31736	963461321
63.439354	279195928
65.447334	726272598
65.59645	940531465
65.819954	987810320
66.23675	891996815
67.09414	455253558
67.50269	200947655
67.90335	241574524
68.15615	763763096
69.35675	224560274
69.400696	846792692
69.79334	204393878
69.9293	343947140
71.17419	450971289
71.70954	484657256
72.24329	367002358
73.2498	975948350
73.587746	406140011
73.58969	257797960
73.837456	850603763
74.7317	484452678
75.81957	576999481
76.22767	88031035
77.54088	36363925
78.49371	637018628
80.53751	956311378
80.57505	791252942
83.44363	242409606
84.18543	762064920
85.622696	974726394
85.99406	707983004
86.4659	136586178
87.71147	685649536
87.8187	787758269
89.34786	174944398
90.31569	999321184
92.5791	94303341
92.67958	358916704
92.87516	650428416
93.756355	25950630
94.5056	302545288
95.76605	516490953
97.76808	22255523
97.972015	968325226
100.41613	770263824
101.15061	45393929
103.127235	988431651
103.575615	561291601
103.59747	56006741
105.35746	561605227
106.19288	821056285
107.65463	449003786
108.48891	203467731
111.415504	411433814
114.696754	635489170
115.20899	52776869
116.97962	883797367
118.106064	951291237
119.83286	318742707
119.845795	323826881
120.46469	181467322
122.43353	360290523
129.76364	223377744
130.59174	954124709
131.52031	579012953
131.89705	34910911
132.47086	763376262
132.89932	661767119
134.7734	916065304
134.92584	492674036
138.56598	112045200
140.3595	653731412
142.15805	102472020
147.07031	12481404
148.8913	512335081
148.94875	190745306
155.4277	237266054
160.01381	204386936
162.61574	211249402
165.50308	462114192
167.69325	989980798
169.1494	505945522
170.9079	449078069
173.26744	371473236
180.79514	937954565
184.0519	623346069
188.84262	36547772
199.36867	710056615
205.3482	606819325
205.5812	121914034
207.39876	684876455
212.4028	267007479
223.82744	397934979
224.39415	827642433
225.2861	301377519
232.24457	995106947
232.85316	817288405
237.05292	482717219
247.01385	988282
247.50366	991628557
258.254	313091370
267.82446	472466053
270.16592	771367079
297.09616	586156363
306.26608	260125967
306.39746	438873751
334.1741	666775063
336.8566	933558108
353.75174	312282035
363.6701	332703804
364.3723	378065343
365.37024	567398419
366.14615	93901021
375.16776	521831441
391.276	944484196
424.12283	217047663
445.6684	198437568
460.23077	480178372
466.97318	77905186
468.17572	502624157
504.5931	177926606
568.50214	928185869
590.37775	414309268
614.7564	394849286
617.3556	653784891
736.16174	9834594
862.9348	292749944
944.03864	359227336
1486.5059	47900087
1630.7637	559969312
5500.652	921498241
