 0.01 
-30 1069.4019621485945
-29 850.4643352907
-28 674.1123496745133
-27 536.691198383827
-26 425.0815869387683
-25 338.558682359475
-24 269.25285634907823
-23 213.59953127120522
-22 169.16062254411688
-21 134.70876453000432
-20 106.75800066610437
-19 85.03028688859119
-18 67.50311937696631
-17 53.62928147188059
-16 42.57000387756454
-15 33.82609020292807
-14 26.833990619789027
-13 21.36491725332065
-12 16.991076788020422
-11 13.449033062329812
-10 10.712222556327836
-9 8.487171241039626
-8 6.735736762725664
-7 5.376086046831009
-6 4.248562890968554
-5 3.380757427783116
-4 2.6891954889315333
-3 2.1367029406800135
-2 1.695984857398245
-1 1.3502376858691307
0 1.0701538627047333
1 0.8521313636796788
2 0.6755638039148084
3 0.5372023181563592
4 0.4258421532636265
5 0.3379919070884994
